========================================================
||                 pBWT wild-blocks tool              ||
========================================================
Input matrix is 1000 rows (samples) x 100000 columns (SNPs)
Assuming: alphabet size == 2
Assuming: wildcard presence == true
Assuming: min block size == 6 rows x 12 columns
Assuming: queryIndex == -1
[ 86025 ]>>  [{86013 86025 [288 289 290 297 298 299 300 301 325 326 327 328]}]
Started at :  2021-09-26 10:43:21.64945725 +0200 CEST m=+0.057218595 
RAN in ss:  6.902916332s
Last Arrays
ak [663 664 660 661 478 662 666 665 514 854 534 955 659 308 307 497 475 658 636 637 61 856 855 474 606 605 607 533 41 477 476 361 40 480 198 197 196 540 547 853 269 481 546 852 304 832 848 545 544 543 542 851 541 850 849 604 467 273 280 937 311 608 974 300 892 755 268 267 13 270 635 64 893 275 539 246 863 274 919 918 877 401 272 271 62 63 862 610 299 35 34 33 216 916 647 646 643 774 847 482 938 917 247 326 327 864 217 455 65 644 857 995 609 716 920 226 729 229 227 228 836 835 532 531 980 744 745 743 108 85 86 305 837 838 742 218 219 220 222 221 223 87 506 24 765 656 754 830 831 753 829 456 898 833 899 900 457 138 224 225 603 935 110 30 942 111 756 943 941 746 683 31 156 158 157 14 815 939 944 940 998 999 981 896 895 894 791 982 878 879 702 701 699 18 27 26 22 23 764 867 19 700 758 757 698 657 834 20 21 17 25 159 84 710 286 709 865 866 749 732 760 759 284 285 112 897 139 983 984 43 954 911 15 395 513 10 909 201 905 203 906 473 908 306 416 887 309 962 313 965 963 964 910 924 37 38 36 42 39 926 69 136 68 925 807 912 913 511 510 512 200 566 451 992 78 135 961 638 639 641 55 126 53 54 128 312 310 413 7 297 412 16 402 517 518 971 564 565 415 414 997 775 881 996 882 883 860 859 858 876 106 105 314 861 914 423 642 797 798 915 67 66 519 811 809 441 810 645 484 485 483 443 795 594 595 315 133 134 454 715 884 593 52 281 776 435 921 507 143 956 8 958 957 235 58 472 471 202 9 417 418 979 141 234 889 142 880 508 509 60 59 124 948 991 932 927 933 931 803 654 655 648 649 934 80 652 651 904 903 902 81 148 976 977 0 978 450 888 140 598 597 458 602 601 79 57 56 125 599 600 596 936 901 3 406 681 491 109 813 814 684 682 107 562 438 975 439 733 872 705 419 563 704 703 922 923 680 2 679 32 422 421 796 802 799 801 930 928 929 437 812 154 155 871 440 82 793 449 318 730 731 420 800 750 448 761 762 283 287 436 319 320 707 985 708 794 792 751 282 706 628 726 728 727 627 625 626 72 73 44 479 237 239 240 241 350 535 98 99 674 632 238 633 92 277 278 498 722 720 725 719 724 723 426 362 242 821 365 366 667 199 194 195 193 94 95 93 46 45 548 303 718 468 330 243 279 784 973 301 302 783 398 298 536 537 399 785 634 717 453 994 245 266 276 845 400 173 781 782 397 396 328 329 578 773 772 264 427 429 452 213 215 184 183 786 214 993 331 846 265 332 464 333 74 250 251 233 530 819 891 352 694 695 353 691 690 351 231 230 232 959 689 349 348 816 91 693 673 672 529 671 669 501 890 90 675 499 171 721 170 505 387 137 820 554 364 363 356 823 824 147 822 388 692 150 151 211 322 553 258 825 827 828 459 460 668 826 461 343 342 552 623 817 372 369 371 370 368 688 378 687 161 869 945 377 946 747 748 788 249 868 670 294 686 89 88 613 614 947 574 172 169 162 163 164 28 29 624 168 167 767 496 697 696 325 324 769 367 768 495 380 381 560 160 771 770 263 114 789 790 428 182 260 248 259 113 115 787 323 676 559 558 261 712 244 291 209 463 462 630 629 256 76 75 236 296 97 394 253 254 255 966 100 970 631 839 886 907 740 425 805 988 191 338 189 70 71 48 205 960 190 96 778 650 806 192 345 967 968 204 47 567 185 187 737 987 736 186 738 77 469 466 465 127 344 549 969 739 336 335 11 520 334 174 403 410 409 408 411 515 516 777 12 444 101 102 5 6 972 178 179 177 176 175 180 538 617 131 619 618 104 611 424 337 358 207 49 359 808 779 780 442 580 579 487 486 360 590 430 588 212 587 589 50 51 132 316 584 591 592 582 583 581 129 640 586 433 432 130 885 585 434 354 555 144 257 521 818 952 949 503 953 951 252 950 522 528 527 119 842 840 502 500 841 121 122 123 844 843 120 615 741 989 990 188 557 146 145 504 804 355 340 206 339 572 571 653 384 382 383 393 570 569 149 390 389 392 391 83 568 321 986 524 341 525 526 470 210 551 550 4 405 493 492 446 494 295 347 379 407 621 622 561 445 376 375 208 103 873 874 374 117 118 373 523 289 290 181 685 616 875 620 612 575 1 385 166 404 165 766 576 577 357 573 153 346 488 262 870 489 490 152 293 556 386 763 447 116 752 317 292 288 678 431 677 711 713 714 735 734] 
dk0 [100000 99987 99992 99984 99993 99992 99990 99994 99991 99992 99989 99993 99995 99990 99988 99993 99989 99992 99988 99994 99989 99991 99985 99992 99988 99985 99991 99996 99993 99990 99981 99991 99988 99990 99994 99988 99989 99992 99987 99991 99987 99993 99992 99995 99991 99989 99994 99992 99974 99985 99986 99988 99989 99988 99990 99987 99991 99993 99991 99989 99992 99991 99997 99991 99992 99993 99994 99984 99993 99992 99995 99991 99990 99994 99992 99990 99991 99993 99988 99989 99985 99990 99992 99988 99991 99983 99988 99990 99996 99992 99991 99983 99993 99991 99994 99989 99992 99991 99993 99987 99991 99988 99995 99988 99980 99991 99993 99992 99987 99994 99991 99992 99991 99990 99993 99998 99990 99993 99986 99985 99992 99986 99991 99990 99989 99994 99977 99981 99993 99989 99988 99995 99993 99984 99994 99993 99981 99984 99991 99979 99985 99992 99996 99992 99991 99993 99991 99995 99991 99993 99989 99992 99988 99989 99988 99979 99990 99989 99994 99989 99990 99993 99997 99991 99990 99993 99991 99992 99987 99994 99992 99991 99987 99980 99989 99993 99991 99989 99992 99989 99995 99989 99992 99993 99990 99983 99994 99992 99993 99989 99990 99987 99996 99991 99992 99984 99990 99986 99991 99989 99990 99993 99991 99970 99989 99992 99986 99990 99982 99994 99992 99993 99992 99995 99991 99992 99991 99989 99993 99988 99991 99983 99989 99983 99992 99991 99990 99994 99988 99999 99992 99994 99989 99991 99987 99988 99993 99992 99988 99989 99990 99989 99991 99995 99991 99990 99993 99994 99993 99986 99979 99972 99990 99991 99996 99968 99986 99993 99991 99990 99992 99990 99988 99991 99994 99990 99989 99991 99989 99990 99992 99995 99991 99992 99991 99993 99991 99994 99991 99992 99993 99990 99989 99988 99991 99992 99990 99997 99993 99994 99989 99990 99993 99992 99981 99995 99989 99990 99991 99985 99992 99994 99985 99992 99991 99971 99993 99988 99989 99990 99992 99981 99985 99991 99996 99991 99992 99993 99990 99991 99992 99989 99991 99994 99990 99991 99990 99992 99993 99977 99987 99991 99995 99990 99991 99992 99990 99963 99991 99994 99992 99993 99990 99991 99992 99990 99991 99998 99992 99993 99991 99989 99990 99992 99994 99992 99985 99993 99995 99992 99982 99993 99991 99992 99989 99990 99994 99990 99987 99993 99991 99992 99991 99996 99991 99990 99992 99993 99986 99988 99984 99994 99988 99991 99992 99993 99975 99992 99980 99985 99990 99991 99995 99967 99989 99987 99992 99989 99993 99992 99983 99991 99994 99989 99991 99993 99989 99990 99989 99978 99987 99991 99992 99997 99991 99992 99993 99992 99994 99987 99992 99989 99993 99991 99995 99990 99991 99992 99993 99992 99994 99993 99989 99992 99991 99985 99996 99990 99991 99992 99990 99976 99993 99986 99990 99991 99989 99990 99979 99994 99991 99992 99979 99993 99991 99992 99995 99991 99992 99989 99987 99991 99993 99990 99991 99985 99987 99989 99994 99990 99992 99975 99991 99990 99989 99993 99989 99991 99989 99992 100000 99990 99988 99982 99991 99992 99990 99991 99990 99993 99991 99992 99991 99981 99990 99994 99992 99993 99990 99995 99993 99992 99990 99994 99993 99966 99992 99996 99986 99987 99989 99987 99984 99991 99993 99988 99992 99990 99986 99987 99994 99989 99984 99991 99992 99980 99989 99993 99985 99992 99995 99989 99994 99991 99993 99991 99997 99990 99991 99990 99994 99990 99991 99992 99986 99993 99995 99993 99991 99989 99994 99990 99991 99993 99991 99985 99996 99991 99989 99990 99979 99992 99990 99993 99992 99986 99991 99995 99990 99989 99992 99993 99991 99972 99987 99992 99994 99991 99993 99992 99990 99985 99989 99998 99992 99987 99991 99990 99988 99989 99993 99991 99990 99986 99992 99983 99990 99991 99986 99981 99989 99994 99989 99975 99991 99992 99993 99995 99975 99992 99993 99987 99992 99991 99994 99989 99993 99996 99984 99989 99991 99992 99990 99991 99990 99993 99991 99988 99992 99989 99990 99988 99994 99989 99992 99988 99995 99992 99990 99991 99989 99993 99990 99992 99988 99989 99991 99990 99989 99985 99994 99997 99992 99993 99991 99989 99979 99992 99994 99990 99992 99993 99991 99990 99988 99989 99995 99991 99987 99992 99991 99993 99994 99992 99993 99989 99991 99987 99989 99996 99990 99989 99991 99989 99986 99992 99980 99989 99990 99981 99991 99993 99991 99984 99992 99981 99985 99991 99985 99990 99994 99992 99991 99993 99992 99974 99987 99995 99990 99977 99991 99990 99992 99989 99991 99993 99985 99991 99992 99994 99991 99987 99992 99990 99993 99989 99990 99991 99984 99999 99991 99990 99992 99990 99993 99994 99987 99991 99992 99984 99988 99993 99990 99995 99990 99993 99994 99993 99987 99996 99987 99992 99991 99993 99987 99988 99973 99990 99988 99991 99989 99994 99989 99986 99991 99985 99993 99992 99985 99989 99990 99995 99991 99987 99992 99987 99989 99993 99992 99991 99994 99991 99989 99993 99992 99987 99988 99990 99997 99979 99993 99992 99989 99994 99991 99986 99970 99984 99988 99992 99991 99993 99990 99991 99992 99979 99995 99980 99990 99994 99986 99990 99986 99985 99988 99992 99991 99990 99993 99991 99990 99983 99996 99992 99993 99992 99989 99991 99994 99991 99986 99989 99993 99987 99992 99976 99991 99995 99990 99989 99992 99989 99985 99990 99985 99991 99993 99994 99989 99981 99990 99984 99989 99991 99989 99992 99990 99986 99991 99990 99993 99990 99998 99992 99990 99988 99986 99989 99993 99992 99987 99989 99994 99992 99993 99995 99990 99989 99993 99990 99992 99990 99988 99989 99994 99993 99990 99986 99972 99991 99992 99988 99996 99976 99989 99991 99992 99981 99989 99993 99990 99992 99990 99991 99994 99988 99989 99990 99987 99979 99991 99988 99990 99992 99993 99979 99986 99959 99992 99995 99992 99991 99993 99991 99990 99989 99994 99993 99992 99982 99997 99991 99993 99989 99991 99990 99994 99989 99990 99991 99992 99986 99993 99989 99990 99978 99992 99988 99995 99990 99988 99991 99981 99990 99992 99994 99988 99991 99992 99991 99993 99992 99991 99996 99989 99990 99983 99991 99990 99992 99993 99989 99991 99994 99992 99993 99990 99992 99990 99988 99985 99991 99995 99992 99990 99991 99993 99988 99990 99992 99989 99994 99986 99990 99992 99990 99989 99991 99993 99990] 
v [[1 1 1 1 1 1 1 1 1 1 1 1 1 1 1 1 1 1 1 1 1 1 1 1 1 1 1 1 1 1 1 1 1 1 1 1 1 1 1 1 1 1 1 1 1 1 1 1 1 1 1 1 1 1 1 1 1 1 1 1 1 1 1 1 1 1 1 1 1 1 1 1 1 1 1 1 1 1 1 1 1 1 1 1 1 1 1 1 1 1 1 1 1 1 1 1 1 1 1 1 1 1 1 1 1 1 1 1 1 1 1 1 1 1 1 1 1 1 1 1 1 1 1 1 1 1 1 1 1 1 1 1 1 1 1 1 1 1 1 1 1 1 1 1 1 1 1 1 1 1 1 1 1 1 1 1 1 1 1 1 1 1 1 1 1 1 1 1 1 1 1 1 1 1 1 1 1 1 1 1 1 1 1 1 1 1 1 1 1 1 1 1 1 1 1 1 1 1 1 1 1 1 1 1 1 1 1 1 1 1 1 1 1 1 1 1 1 1 1 1 1 1 1 1 1 1 1 1 1 1 1 1 1 1 1 1 1 1 1 1 1 1 1 1 1 1 1 1 1 1 1 1 1 1 1 1 1 1 1 1 1 1 1 1 1 1 1 1 1 1 1 1 1 1 1 1 1 1 1 1 1 1 1 1 1 1 1 1 1 1 1 1 1 1 1 1 1 1 1 1 1 1 1 1 1 1 1 1 1 1 1 1 1 1 1 1 1 1 1 1 1 1 1 1 1 1 1 1 1 1 1 1 1 1 1 1 1 1 1 1 1 1 1 1 1 1 1 1 1 1 1 1 1 1 1 1 1 1 1 1 1 1 1 1 1 1 1 1 1 1 1 1 1 1 1 1 1 1 1 1 1 1 1 1 1 1 1 1 1 1 1 1 1 1 1 1 1 1 1 1 1 1 1 1 1 1 1 1 1 1 1 1 1 1 1 1 1 1 1 1 1 1 1 1 1 1 1 1 1 1 1 1 1 1 1 1 1 1 1 1 1 1 1 1 1 1 1 1 1 1 1 1 1 1 1 1 1 1 1 1 1 1 1 1 1 1 1 1 1 1 1 1 1 1 1 1 1 1 1 1 1 1 1 1 1 1 1 1 1 1 1 1 1 1 1 1 1 1 1 1 1 1 1 1 1 1 1 1 1 1 1 1 1 1 1 1 1 1 1 1 1 1 1 1 1 1 1 1 1 1 1 1 1 1 1 1 1 1 1 1 1 1 1 1 1 1 1 1 1 1 1 1 1 1 1 1 1 1 1 1 1 1 1 1 1 1 1 1 1 1 1 1 1 1 1 1 1 1 1 1 1 1 1 1 1 1 1 1 1 1 1 1 1 1 1 1 1 1 1 1 1 1 1 1 1 1 1 1 1 1 1 1 1 1 1 1 1 1 1 1 1 1 1 1 1 1 1 1 1 1 1 1 1 1 1 1 1 1 1 1 1 1 1 1 1 1 1 1 1 1 1 1 1 1 1 1 1 1 1 1 1 1 1 1 1 1 1 1 1 1 1 1 1 1 1 1 1 1 1 1 1 1 1 1 1 1 1 1 1 1 1 1 1 1 1 1 1 1 1 1 1 1 1 1 1 1 1 1 1 1 1 1 1 1 1 1 1 1 1 1 1 1 1 1 1 1 1 1 1 1 1 1 1 1 1 1 1 1 1 1 1 1 1 1 1 1 1 1 1 1 1 1 1 1 1 1 1 1 1 1 1 1 1 1 1 1 1 1 1 1 1 1 1 1 1 1 1 1 1 1 1 1 1 1 1 1 1 1 1 1 1 1 1 1 1 1 1 1 1 1 1 1 1 1 1 1 1 1 1 1 1 1 1 1 1 1 1 1 1 1 1 1 1 1 1 1 1 1 1 1 1 1 1 1 1 1 1 1 1 1 1 1 1 1 1 1 1 1 1 1 1 1 1 1 1 1 1 1 1 1 1 1 1 1 1 1 1 1 1 1 1 1 1 1 1 1 1 1 1 1 1 1 1 1 1 1 1 1 1 1 1 1 1 1 1 1 1 1 1 1 1 1 1 1 1 1 1 1 1 1 1 1 1 1 1 1 1 1 1 1 1 1 1 1 1 1 1 1 1 1 1 1 1 1 1 1 1 1 1 1 1 1 1 1 1 1 1 1 1 1 1 1 1 1 1 1 1 1 1 1 1 1 1 1 1 1 1 1 1 1 1 1 1 1 1 1 1 1 1 1 1 1 1 1 1 1 1 1 1 1 1 1 1 1 1 1 1 1 1 1] [1 1 1 1 1 1 1 1 1 1 1 1 1 1 1 1 1 1 1 1 1 1 1 1 1 1 1 1 1 1 1 1 1 1 1 1 1 1 1 1 1 1 1 1 1 1 1 1 1 1 1 1 1 1 1 1 1 1 1 1 1 1 1 1 1 1 1 1 1 1 1 1 1 1 1 1 1 1 1 1 1 1 1 1 1 1 1 1 1 1 1 1 1 1 1 1 1 1 1 1 1 1 1 1 1 1 1 1 1 1 1 1 1 1 1 1 1 1 1 1 1 1 1 1 1 1 1 1 1 1 1 1 1 1 1 1 1 1 1 1 1 1 1 1 1 1 1 1 1 1 1 1 1 1 1 1 1 1 1 1 1 1 1 1 1 1 1 1 1 1 1 1 1 1 1 1 1 1 1 1 1 1 1 1 1 1 1 1 1 1 1 1 1 1 1 1 1 1 1 1 1 1 1 1 1 1 1 1 1 1 1 1 1 1 1 1 1 1 1 1 1 1 1 1 1 1 1 1 1 1 1 1 1 1 1 1 1 1 1 1 1 1 1 1 1 1 1 1 1 1 1 1 1 1 1 1 1 1 1 1 1 1 1 1 1 1 1 1 1 1 1 1 1 1 1 1 1 1 1 1 1 1 1 1 1 1 1 1 1 1 1 1 1 1 1 1 1 1 1 1 1 1 1 1 1 1 1 1 1 1 1 1 1 1 1 1 1 1 1 1 1 1 1 1 1 1 1 1 1 1 1 1 1 1 1 1 1 1 1 1 1 1 1 1 1 1 1 1 1 1 1 1 1 1 1 1 1 1 1 1 1 1 1 1 1 1 1 1 1 1 1 1 1 1 1 1 1 1 1 1 1 1 1 1 1 1 1 1 1 1 1 1 1 1 1 1 1 1 1 1 1 1 1 1 1 1 1 1 1 1 1 1 1 1 1 1 1 1 1 1 1 1 1 1 1 1 1 1 1 1 1 1 1 1 1 1 1 1 1 1 1 1 1 1 1 1 1 1 1 1 1 1 1 1 1 1 1 1 1 1 1 1 1 1 1 1 1 1 1 1 1 1 1 1 1 1 1 1 1 1 1 1 1 1 1 1 1 1 1 1 1 1 1 1 1 1 1 1 1 1 1 1 1 1 1 1 1 1 1 1 1 1 1 1 1 1 1 1 1 1 1 1 1 1 1 1 1 1 1 1 1 1 1 1 1 1 1 1 1 1 1 1 1 1 1 1 1 1 1 1 1 1 1 1 1 1 1 1 1 1 1 1 1 1 1 1 1 1 1 1 1 1 1 1 1 1 1 1 1 1 1 1 1 1 1 1 1 1 1 1 1 1 1 1 1 1 1 1 1 1 1 1 1 1 1 1 1 1 1 1 1 1 1 1 1 1 1 1 1 1 1 1 1 1 1 1 1 1 1 1 1 1 1 1 1 1 1 1 1 1 1 1 1 1 1 1 1 1 1 1 1 1 1 1 1 1 1 1 1 1 1 1 1 1 1 1 1 1 1 1 1 1 1 1 1 1 1 1 1 1 1 1 1 1 1 1 1 1 1 1 1 1 1 1 1 1 1 1 1 1 1 1 1 1 1 1 1 1 1 1 1 1 1 1 1 1 1 1 1 1 1 1 1 1 1 1 1 1 1 1 1 1 1 1 1 1 1 1 1 1 1 1 1 1 1 1 1 1 1 1 1 1 1 1 1 1 1 1 1 1 1 1 1 1 1 1 1 1 1 1 1 1 1 1 1 1 1 1 1 1 1 1 1 1 1 1 1 1 1 1 1 1 1 1 1 1 1 1 1 1 1 1 1 1 1 1 1 1 1 1 1 1 1 1 1 1 1 1 1 1 1 1 1 1 1 1 1 1 1 1 1 1 1 1 1 1 1 1 1 1 1 1 1 1 1 1 1 1 1 1 1 1 1 1 1 1 1 1 1 1 1 1 1 1 1 1 1 1 1 1 1 1 1 1 1 1 1 1 1 1 1 1 1 1 1 1 1 1 1 1 1 1 1 1 1 1 1 1 1 1 1 1 1 1 1 1 1 1 1 1 1 1 1 1 1 1 1 1 1 1 1 1 1 1 1 1 1 1 1 1 1 1 1 1 1 1 1 1 1 1 1 1 1 1 1 1 1 1 1 1 1 1 1 1 1 1 1 1 1 1 1 1 1 1 1 1 1 1 1 1 1 1 1 1 1 1 1 1 1 1 1 1 1 1 1 1 1 1 1 1 1 1 1 1 1 1 1 1 1 1]]
