========================================================
||                 pBWT wild-blocks tool              ||
========================================================
Input matrix is 1000 rows (samples) x 1000 columns (SNPs)
Assuming: alphabet size == 2
Assuming: wildcard presence == true
Assuming: min block size == 10 rows x 10 columns
Assuming: queryIndex == -1
[ 19 ]>>  [{9 19 [149 150 151 152 153 154 155 707 710 715]}]
[ 102 ]>>  [{92 102 [168 169 170 325 326 496 532 533 534 574]}]
[ 105 ]>>  [{95 105 [171 172 379 554 555 752 753 888 889 890 891]}]
[ 106 ]>>  [{96 106 [171 172 379 555 676 722 752 753 888 889 890 891]} {95 106 [171 172 379 555 752 753 888 889 890 891]}]
[ 107 ]>>  [{97 107 [379 446 448 449 450 451 676 722 752 753]}]
[ 117 ]>>  [{107 117 [100 101 102 104 552 553 724 725 726 727 945]}]
[ 133 ]>>  [{123 133 [333 437 438 454 455 530 531 532 892 893]}]
[ 134 ]>>  [{124 134 [437 438 454 456 457 458 530 531 532 893]}]
[ 135 ]>>  [{125 135 [142 454 456 457 458 459 530 531 532 893]}]
[ 136 ]>>  [{126 136 [155 190 191 192 193 198 199 560 677 944]}]
[ 141 ]>>  [{131 141 [109 110 557 558 583 598 599 600 716 734 824]}]
[ 170 ]>>  [{160 170 [243 794 806 807 808 811 812 813 814 988]}]
[ 171 ]>>  [{161 171 [244 245 806 807 808 811 812 813 814 988]}]
[ 173 ]>>  [{163 173 [67 201 467 468 479 480 481 514 708 709 760]} {163 173 [4 5 652 653 758 789 806 807 811 812 813 814]}]
[ 211 ]>>  [{201 211 [83 84 85 151 358 359 360 495 496 982]}]
[ 219 ]>>  [{209 219 [377 378 477 529 530 531 956 957 958 959]}]
[ 221 ]>>  [{211 221 [377 378 379 477 478 479 480 712 957 958 959 960]}]
[ 222 ]>>  [{212 222 [477 478 479 480 654 712 957 958 959 960]}]
[ 223 ]>>  [{213 223 [253 256 477 478 654 712 957 958 959 960]}]
[ 230 ]>>  [{220 230 [90 91 92 150 151 248 250 486 648 890]}]
[ 240 ]>>  [{230 240 [120 122 214 215 216 217 218 891 899 901]}]
[ 242 ]>>  [{231 242 [120 122 214 215 216 217 516 517 891 899 901]}]
[ 243 ]>>  [{233 243 [120 122 214 215 216 217 891 892 899 901]}]
[ 247 ]>>  [{237 247 [697 698 700 701 703 704 705 706 916 917]}]
[ 269 ]>>  [{259 269 [5 6 666 667 668 669 670 671 750 751]}]
[ 283 ]>>  [{273 283 [115 117 335 336 353 354 356 376 699 768 887]}]
[ 301 ]>>  [{291 301 [45 46 49 52 136 138 139 707 753 754 755]}]
[ 309 ]>>  [{299 309 [0 1 2 349 350 518 519 520 581 665]}]
[ 319 ]>>  [{309 319 [454 782 783 784 962 963 964 965 967 969]}]
[ 350 ]>>  [{340 350 [15 16 17 25 26 175 828 829 830 831]}]
[ 363 ]>>  [{353 363 [457 458 519 560 633 634 639 640 641 642 643]}]
[ 365 ]>>  [{355 365 [403 457 458 519 560 639 640 641 642 643]}]
[ 386 ]>>  [{376 386 [378 380 382 551 552 553 554 555 556 557 731 732]}]
[ 389 ]>>  [{379 389 [14 15 292 293 295 296 329 330 331 332]}]
[ 434 ]>>  [{424 434 [296 297 310 311 312 495 496 538 539 540 541]}]
[ 471 ]>>  [{461 471 [306 321 322 323 324 325 732 733 736 737]}]
[ 472 ]>>  [{462 472 [306 321 322 323 324 732 733 734 735 736 737]}]
[ 473 ]>>  [{463 473 [321 322 323 722 723 724 734 735 736 737]}]
[ 474 ]>>  [{464 474 [290 291 401 402 403 404 405 519 614 649]}]
[ 517 ]>>  [{507 517 [353 356 564 565 647 648 649 763 764 765 807 808]}]
[ 526 ]>>  [{516 526 [663 664 839 840 841 842 843 844 845 846]}]
[ 531 ]>>  [{521 531 [48 273 274 325 326 522 523 666 667 668 855]}]
[ 533 ]>>  [{523 533 [497 498 499 500 501 503 838 839 840 841]}]
[ 543 ]>>  [{533 543 [521 522 523 524 526 527 650 651 872 877]}]
[ 559 ]>>  [{549 559 [210 211 212 213 214 547 548 549 627 628]}]
[ 564 ]>>  [{554 564 [215 362 363 364 619 707 709 710 711 977]}]
[ 567 ]>>  [{557 567 [266 267 268 269 565 566 567 568 632 633]}]
[ 578 ]>>  [{568 578 [216 217 218 400 401 402 403 404 405 406]}]
[ 579 ]>>  [{569 579 [216 400 401 402 403 404 405 406 407 408 578]}]
[ 585 ]>>  [{575 585 [255 256 257 258 259 260 268 302 303 617]}]
[ 587 ]>>  [{577 587 [129 130 131 132 133 361 362 631 972 973]}]
[ 590 ]>>  [{580 590 [129 130 131 132 133 134 135 169 170 362]}]
[ 592 ]>>  [{582 592 [343 344 345 346 411 668 670 671 685 733]}]
[ 596 ]>>  [{586 596 [275 276 277 278 279 280 281 282 793 990]}]
[ 597 ]>>  [{587 597 [245 246 247 248 550 551 552 553 554 750]}]
[ 599 ]>>  [{589 599 [132 313 650 684 743 806 807 808 809 811 893 894 943]}]
[ 600 ]>>  [{589 600 [132 313 684 743 806 808 809 811 893 894 943]}]
[ 611 ]>>  [{600 611 [580 581 583 584 711 712 898 899 900 901]}]
[ 612 ]>>  [{602 612 [91 196 215 601 636 637 639 640 992 993]}]
[ 613 ]>>  [{603 613 [91 92 196 215 498 601 636 637 639 992 993]}]
[ 624 ]>>  [{614 624 [93 560 561 562 563 564 565 725 726 727]}]
[ 647 ]>>  [{637 647 [56 372 380 488 738 740 934 960 985 988 989]}]
[ 702 ]>>  [{692 702 [194 252 659 661 662 950 951 952 953 954]} {692 702 [43 44 45 46 286 297 413 540 541 997]}]
[ 740 ]>>  [{730 740 [65 146 147 205 206 207 208 894 895 896]}]
[ 773 ]>>  [{763 773 [174 175 176 177 226 227 228 229 230 588 589]}]
[ 794 ]>>  [{784 794 [93 190 497 498 499 500 724 725 726 924]}]
[ 818 ]>>  [{808 818 [172 173 174 182 194 195 325 451 913 991 992 993]}]
[ 844 ]>>  [{834 844 [243 244 245 246 383 625 753 780 781 782 891]}]
[ 846 ]>>  [{836 846 [317 358 359 360 361 408 410 411 487 488 489]}]
[ 847 ]>>  [{837 847 [317 358 359 360 361 408 409 410 411 942 943]}]
[ 848 ]>>  [{838 848 [124 666 667 668 669 670 671 672 673 674]}]
[ 850 ]>>  [{840 850 [356 357 358 359 360 408 409 410 411 541]}]
[ 928 ]>>  [{918 928 [136 137 138 139 426 427 529 530 532 649]}]
[ 930 ]>>  [{920 930 [236 450 544 545 878 889 890 972 973 975]}]
[ 940 ]>>  [{930 940 [562 563 564 565 566 652 654 655 656 905]}]
[ 953 ]>>  [{943 953 [270 271 272 366 367 559 670 671 672 880]}]
[ 956 ]>>  [{946 956 [230 231 232 234 487 488 732 733 734 992]}]
[ 958 ]>>  [{948 958 [73 74 75 76 126 127 128 129 617 686 737]}]
[ 966 ]>>  [{956 966 [154 155 156 207 208 209 210 523 946 947]}]
[ 972 ]>>  [{962 972 [73 74 191 576 577 588 589 590 591 603 870]}]
[ 974 ]>>  [{964 974 [190 191 576 588 590 591 592 603 870 883]}]
[ 998 ]>>  [{988 998 [468 543 620 637 758 759 760 761 939 940]}]
[ 1007 ]>>  [{997 1007 [123 124 125 513 514 515 516 682 683 684]}]
[ 1019 ]>>  [{1009 1019 [121 432 433 434 486 487 950 951 952 981]}]
[ 1029 ]>>  [{1019 1029 [143 292 293 332 529 530 531 532 533 745]}]
[ 1030 ]>>  [{1020 1030 [143 292 293 529 530 531 682 683 684 685 688 912]}]
[ 1031 ]>>  [{1021 1031 [143 144 146 147 529 530 531 682 683 685 688]}]
[ 1068 ]>>  [{1058 1068 [194 195 196 247 248 629 630 631 632 828]}]
[ 1104 ]>>  [{1094 1104 [28 29 302 597 598 784 785 899 902 903 904]}]
[ 1106 ]>>  [{1096 1106 [395 415 508 587 588 761 917 923 924 925 926 930]} {1096 1106 [28 29 483 597 598 663 686 742 743 899 919]}]
[ 1115 ]>>  [{1105 1115 [291 292 293 294 295 369 370 833 834 835]}]
[ 1163 ]>>  [{1153 1163 [6 164 165 166 449 740 741 745 746 747]}]
[ 1165 ]>>  [{1155 1165 [164 165 166 486 487 737 740 741 745 746 747]}]
[ 1166 ]>>  [{1156 1166 [129 133 894 916 917 918 919 920 921 922]}]
[ 1168 ]>>  [{1158 1168 [94 200 667 668 669 670 915 916 917 918 919 920]} {1156 1168 [164 165 356 486 487 740 741 745 746 747]} {1157 1168 [164 165 356 486 487 488 740 741 745 746 747 853]}]
[ 1169 ]>>  [{1157 1169 [165 356 486 487 488 740 741 745 746 747 853]} {1159 1169 [165 356 483 484 485 486 487 488 740 741 745 746 747 853 854 855]} {1159 1169 [667 668 669 670 862 863 915 916 917 918 919 920]} {1158 1169 [667 668 669 670 915 916 917 918 919 920]}]
[ 1170 ]>>  [{1160 1170 [165 293 483 484 485 488 740 741 745 746 747]} {1159 1170 [165 483 484 485 488 740 741 745 746 747]}]
[ 1171 ]>>  [{1161 1171 [214 215 216 217 316 317 318 411 412 693]}]
[ 1216 ]>>  [{1206 1216 [450 555 556 557 736 737 738 739 740 972]}]
[ 1227 ]>>  [{1216 1227 [336 337 666 667 668 669 670 671 672 746]}]
[ 1228 ]>>  [{1218 1228 [97 146 147 157 158 432 433 434 435 851]}]
[ 1249 ]>>  [{1239 1249 [434 435 437 461 462 463 579 587 588 590]}]
[ 1251 ]>>  [{1241 1251 [434 435 461 587 588 590 898 899 900 924]}]
[ 1254 ]>>  [{1244 1254 [188 446 460 583 584 585 586 587 588 590 591 995]}]
[ 1255 ]>>  [{1244 1255 [446 460 583 584 585 586 587 590 591 995]}]
[ 1256 ]>>  [{1246 1256 [13 14 230 231 443 459 492 896 898 899]}]
[ 1294 ]>>  [{1284 1294 [115 478 479 716 717 780 831 832 833 834 835]}]
[ 1295 ]>>  [{1284 1295 [115 478 479 716 717 831 832 833 834 835]}]
[ 1296 ]>>  [{1286 1296 [88 89 476 478 716 717 831 832 833 834 835]}]
[ 1303 ]>>  [{1293 1303 [317 318 319 320 321 324 474 475 685 969]}]
[ 1308 ]>>  [{1298 1308 [372 373 374 375 376 377 378 775 776 777]}]
[ 1337 ]>>  [{1327 1337 [55 56 131 704 705 710 711 712 713 714]}]
[ 1338 ]>>  [{1328 1338 [55 56 611 703 704 705 706 707 708 710 711 712 713 714]}]
[ 1339 ]>>  [{1329 1339 [184 185 186 187 188 211 588 589 625 626]} {1328 1339 [55 56 611 703 704 705 707 708 710 711 712 713 714]}]
[ 1340 ]>>  [{1330 1340 [55 56 653 703 704 705 707 708 710 711 712 713 714]} {1328 1340 [55 56 703 704 705 707 708 710 711 712 713 714]}]
[ 1354 ]>>  [{1344 1354 [212 214 215 678 679 680 767 768 769 770]}]
[ 1359 ]>>  [{1349 1359 [349 858 859 861 862 863 864 911 940 941]}]
[ 1361 ]>>  [{1351 1361 [349 512 859 861 863 864 866 911 940 941 942]} {1350 1361 [349 512 859 861 863 864 866 911 940 941]}]
[ 1379 ]>>  [{1369 1379 [264 265 266 270 271 272 273 376 981 982]}]
[ 1384 ]>>  [{1374 1384 [127 128 129 182 183 184 450 451 548 549]}]
[ 1410 ]>>  [{1400 1410 [186 187 188 636 637 638 639 640 689 886]}]
[ 1412 ]>>  [{1402 1412 [314 499 500 502 634 635 636 637 639 886]}]
[ 1427 ]>>  [{1417 1427 [0 1 2 3 4 5 6 10 11 927]}]
[ 1441 ]>>  [{1431 1441 [264 267 706 708 713 714 795 796 797 798 835 836 837]}]
[ 1442 ]>>  [{1432 1442 [264 267 705 706 708 796 797 798 835 836 837]} {1431 1442 [264 267 706 708 796 797 798 835 836 837]}]
[ 1455 ]>>  [{1445 1455 [41 42 43 44 84 85 296 434 799 801]}]
[ 1458 ]>>  [{1448 1458 [20 82 83 84 85 297 434 671 672 673 674 799]}]
[ 1486 ]>>  [{1476 1486 [26 182 225 226 336 339 521 692 862 866 867]}]
[ 1494 ]>>  [{1484 1494 [46 47 48 139 288 398 600 887 888 916 919]}]
[ 1495 ]>>  [{1485 1495 [46 47 48 139 398 600 864 866 868 887 888 919]}]
[ 1499 ]>>  [{1489 1499 [290 478 481 566 567 569 570 648 995 996]}]
[ 1500 ]>>  [{1490 1500 [54 55 62 536 537 538 539 540 543 544]}]
[ 1511 ]>>  [{1501 1511 [3 592 620 621 622 623 624 625 997 998]}]
[ 1539 ]>>  [{1529 1539 [64 218 219 222 223 224 225 229 622 975 978]}]
[ 1542 ]>>  [{1532 1542 [253 254 543 544 553 554 555 716 795 864]}]
[ 1543 ]>>  [{1533 1543 [253 254 553 554 555 794 795 835 836 864]}]
[ 1544 ]>>  [{1534 1544 [253 254 553 554 555 757 835 836 925 927 928]}]
[ 1560 ]>>  [{1550 1560 [106 161 275 356 357 361 362 363 670 671]}]
[ 1568 ]>>  [{1558 1568 [153 172 441 442 443 444 447 806 918 919]}]
[ 1572 ]>>  [{1562 1572 [161 291 404 405 441 442 443 444 445 446 447]}]
[ 1573 ]>>  [{1563 1573 [220 221 222 223 227 430 453 541 801 804]}]
[ 1574 ]>>  [{1564 1574 [4 220 221 222 223 227 430 801 802 804 994]}]
[ 1575 ]>>  [{1565 1575 [4 220 221 222 223 227 430 802 804 973]}]
[ 1606 ]>>  [{1596 1606 [95 96 97 98 99 100 151 249 250 254 281]}]
[ 1607 ]>>  [{1597 1607 [97 98 99 100 249 250 254 281 283 284]}]
[ 1608 ]>>  [{1598 1608 [98 99 100 279 281 282 283 284 811 867]}]
[ 1735 ]>>  [{1724 1735 [197 198 200 201 202 203 858 859 860 861 862]}]
[ 1746 ]>>  [{1736 1746 [294 412 495 496 642 649 650 918 919 920 921]}]
[ 1747 ]>>  [{1737 1747 [411 495 496 649 650 866 918 919 920 921]}]
[ 1748 ]>>  [{1738 1748 [62 411 495 649 650 651 840 917 918 919 920]}]
[ 1761 ]>>  [{1751 1761 [218 219 220 221 297 432 433 824 864 865]}]
[ 1774 ]>>  [{1764 1774 [341 410 427 428 429 430 483 537 659 965]}]
[ 1775 ]>>  [{1765 1775 [340 341 410 427 428 429 430 483 659 964 965]}]
[ 1797 ]>>  [{1787 1797 [392 393 394 395 453 454 566 567 568 569 676 677]}]
[ 1806 ]>>  [{1796 1806 [547 626 627 628 674 675 676 677 828 829]}]
[ 1859 ]>>  [{1849 1859 [94 203 295 357 358 359 360 361 362 363 364 365 366 735]}]
[ 1860 ]>>  [{1850 1860 [203 357 358 359 360 361 362 363 364 365 366 734 735]} {1849 1860 [203 357 358 359 360 361 362 363 364 365 366 735]} {1849 1860 [327 328 520 521 522 552 553 554 555 949 950]}]
[ 1861 ]>>  [{1851 1861 [357 358 359 360 361 362 363 364 365 788]}]
[ 1864 ]>>  [{1854 1864 [69 70 71 669 671 711 712 713 864 865 866]}]
[ 1874 ]>>  [{1864 1874 [11 12 13 14 15 313 498 499 500 501 502]}]
[ 1884 ]>>  [{1874 1884 [192 197 198 199 200 586 587 588 589 938]}]
[ 1885 ]>>  [{1875 1885 [63 64 65 66 353 354 629 630 631 737 750 875 954]}]
[ 1926 ]>>  [{1916 1926 [46 47 200 203 204 364 634 635 636 720]}]
[ 1927 ]>>  [{1917 1927 [46 47 200 203 204 503 634 636 720 721 722]}]
[ 1930 ]>>  [{1920 1930 [174 175 183 184 185 286 287 312 313 314]}]
[ 1931 ]>>  [{1921 1931 [174 175 182 183 184 185 287 312 313 314]}]
[ 1935 ]>>  [{1925 1935 [9 10 11 53 54 55 56 70 642 643 867]}]
[ 1936 ]>>  [{1926 1936 [175 176 183 184 185 287 288 289 290 682]}]
[ 1951 ]>>  [{1941 1951 [361 362 363 368 486 487 488 489 567 669]}]
[ 1962 ]>>  [{1952 1962 [309 598 599 600 604 605 606 607 756 757]}]
[ 1965 ]>>  [{1955 1965 [209 210 439 440 441 442 775 776 777 778 923]} {1955 1965 [0 1 214 533 534 535 542 558 628 629]}]
[ 1971 ]>>  [{1961 1971 [23 24 85 87 431 615 859 875 876 877]}]
[ 2006 ]>>  [{1996 2006 [209 375 376 377 378 379 380 818 819 894]}]
[ 2039 ]>>  [{2029 2039 [72 308 309 528 529 530 589 590 606 607]}]
[ 2053 ]>>  [{2043 2053 [95 96 588 589 778 779 969 970 971 972]}]
[ 2058 ]>>  [{2048 2058 [271 272 274 277 458 459 460 461 462 701 868 890]}]
[ 2061 ]>>  [{2051 2061 [25 26 420 421 541 706 707 708 709 935]}]
[ 2075 ]>>  [{2065 2075 [226 338 475 777 778 779 780 782 783 981 982]}]
[ 2089 ]>>  [{2079 2089 [58 161 162 163 194 195 506 726 727 981]}]
[ 2109 ]>>  [{2099 2109 [449 451 452 453 496 663 664 897 898 910]}]
[ 2129 ]>>  [{2119 2129 [218 553 554 555 556 651 837 860 929 930]}]
[ 2136 ]>>  [{2126 2136 [36 37 150 341 666 810 821 939 940 942]}]
[ 2167 ]>>  [{2157 2167 [323 324 325 326 327 469 762 763 854 866 906]}]
[ 2171 ]>>  [{2161 2171 [173 174 175 182 183 282 690 691 692 869]}]
[ 2172 ]>>  [{2162 2172 [81 82 410 411 412 451 592 593 594 595 596 597 598]}]
[ 2209 ]>>  [{2199 2209 [72 73 74 75 76 77 78 603 604 887]}]
[ 2221 ]>>  [{2211 2221 [231 244 400 401 402 403 559 678 988 989]}]
[ 2224 ]>>  [{2214 2224 [288 289 291 424 503 504 531 580 581 760 761]}]
[ 2226 ]>>  [{2216 2226 [142 143 144 146 181 182 183 261 864 865]}]
[ 2233 ]>>  [{2223 2233 [25 26 36 307 308 520 769 770 794 797]}]
[ 2234 ]>>  [{2224 2234 [25 26 36 307 308 309 770 797 810 816 863]}]
[ 2237 ]>>  [{2227 2237 [495 497 498 499 500 501 893 956 957 958 959]}]
[ 2239 ]>>  [{2229 2239 [495 497 498 499 500 501 890 891 892 893 960]}]
[ 2243 ]>>  [{2233 2243 [165 167 365 367 369 836 837 846 848 849]}]
[ 2254 ]>>  [{2244 2254 [113 114 116 117 229 619 620 621 622 708 724]} {2244 2254 [410 440 441 698 699 700 701 702 703 704]}]
[ 2264 ]>>  [{2254 2264 [64 238 240 241 388 555 556 557 558 655]}]
[ 2291 ]>>  [{2281 2291 [142 589 590 591 592 594 595 596 597 598]}]
[ 2294 ]>>  [{2284 2294 [106 305 307 308 690 691 693 694 695 867]}]
[ 2305 ]>>  [{2295 2305 [132 133 889 890 891 989 990 991 993 994 995]}]
[ 2324 ]>>  [{2314 2324 [278 279 504 505 804 810 872 873 874 875 876 877]}]
[ 2325 ]>>  [{2315 2325 [279 438 439 804 872 873 874 875 876 877]}]
[ 2333 ]>>  [{2323 2333 [151 152 188 378 464 465 682 683 684 685]}]
[ 2340 ]>>  [{2330 2340 [63 64 65 66 100 101 102 254 255 671]}]
[ 2368 ]>>  [{2358 2368 [335 336 337 445 446 447 448 498 677 904]}]
[ 2395 ]>>  [{2385 2395 [98 101 102 103 105 328 329 853 925 926]}]
[ 2399 ]>>  [{2389 2399 [67 98 101 102 105 327 547 599 600 678]}]
[ 2426 ]>>  [{2416 2426 [265 530 531 532 533 534 535 536 537 538]}]
[ 2452 ]>>  [{2442 2452 [26 385 386 387 388 631 632 633 780 781]}]
[ 2454 ]>>  [{2444 2454 [762 764 923 924 925 926 927 928 929 930]}]
[ 2462 ]>>  [{2452 2462 [401 402 403 741 742 743 744 822 824 825]}]
[ 2471 ]>>  [{2461 2471 [4 166 167 512 535 682 704 706 897 898 900]}]
[ 2479 ]>>  [{2469 2479 [6 168 171 191 286 287 288 303 305 783]}]
[ 2487 ]>>  [{2477 2487 [53 90 91 372 412 413 414 417 509 510]}]
[ 2497 ]>>  [{2487 2497 [337 338 339 340 342 343 344 345 346 347 837 838]}]
[ 2533 ]>>  [{2523 2533 [85 86 458 459 460 461 462 510 631 632]}]
[ 2542 ]>>  [{2532 2542 [134 135 136 137 459 556 557 558 589 590]}]
[ 2543 ]>>  [{2533 2543 [134 135 136 459 556 557 558 559 576 577]}]
[ 2544 ]>>  [{2534 2544 [121 122 123 322 324 325 743 744 841 848]}]
[ 2556 ]>>  [{2546 2556 [112 113 280 804 805 806 807 808 850 851]}]
[ 2557 ]>>  [{2547 2557 [16 112 113 280 764 806 807 808 850 851]}]
[ 2560 ]>>  [{2550 2560 [35 36 199 200 201 203 204 205 206 945 946]}]
[ 2564 ]>>  [{2554 2564 [203 204 207 818 819 820 895 896 897 899]}]
[ 2576 ]>>  [{2566 2576 [129 388 452 453 454 594 595 596 875 876 902]}]
[ 2597 ]>>  [{2587 2597 [64 160 236 238 239 240 241 245 446 458]}]
[ 2598 ]>>  [{2588 2598 [64 236 238 239 240 241 245 435 438 458]}]
[ 2610 ]>>  [{2600 2610 [167 168 210 211 655 656 732 733 788 789]}]
[ 2618 ]>>  [{2608 2618 [305 530 531 532 895 896 897 898 899 900]}]
[ 2629 ]>>  [{2619 2629 [240 365 366 367 379 952 953 954 955 956 957]}]
[ 2630 ]>>  [{2620 2630 [240 365 366 367 368 369 370 379 956 957]}]
[ 2639 ]>>  [{2629 2639 [212 446 447 448 449 521 522 862 863 951 952]}]
[ 2645 ]>>  [{2635 2645 [157 922 923 924 925 926 974 975 976 977]}]
[ 2646 ]>>  [{2636 2646 [922 923 924 925 926 927 974 975 976 977]}]
[ 2648 ]>>  [{2638 2648 [923 924 925 926 927 973 974 975 976 977]}]
[ 2669 ]>>  [{2659 2669 [599 600 601 602 603 747 748 749 841 842]}]
[ 2674 ]>>  [{2664 2674 [293 734 735 737 845 846 847 850 851 852]}]
[ 2685 ]>>  [{2675 2685 [33 34 55 62 63 64 109 110 528 545]}]
[ 2686 ]>>  [{2676 2686 [33 34 55 56 61 62 63 64 545 546]}]
[ 2687 ]>>  [{2677 2687 [33 34 55 56 61 62 63 484 545 546]}]
[ 2688 ]>>  [{2678 2688 [39 55 56 61 62 63 483 484 507 508 545 546]} {2678 2688 [79 82 83 214 362 499 632 633 634 843]}]
[ 2689 ]>>  [{2679 2689 [37 38 39 55 56 483 484 507 508 545]}]
[ 2695 ]>>  [{2685 2695 [223 224 225 226 227 228 229 230 231 232 763 892]}]
[ 2696 ]>>  [{2686 2696 [224 225 226 227 228 229 232 700 763 892]}]
[ 2701 ]>>  [{2691 2701 [79 80 83 85 86 87 88 522 523 635 636]}]
[ 2713 ]>>  [{2703 2713 [500 770 771 772 774 775 776 777 778 792]}]
[ 2715 ]>>  [{2705 2715 [592 730 770 771 772 774 775 776 777 778]}]
[ 2716 ]>>  [{2706 2716 [77 439 440 524 643 694 695 696 740 741 742]} {2706 2716 [299 592 730 772 774 775 776 777 778 896 897]}]
[ 2739 ]>>  [{2729 2739 [540 596 600 601 602 655 656 842 843 888]}]
[ 2749 ]>>  [{2739 2749 [47 486 578 732 867 868 869 870 871 872]}]
[ 2761 ]>>  [{2751 2761 [279 280 930 953 954 955 956 957 958 959]}]
[ 2789 ]>>  [{2779 2789 [443 444 709 710 711 712 716 717 718 782]}]
[ 2793 ]>>  [{2782 2793 [73 74 75 76 467 468 474 476 584 609]}]
[ 2813 ]>>  [{2803 2813 [150 413 414 495 951 952 953 954 955 956 957]}]
[ 2814 ]>>  [{2804 2814 [149 150 495 496 951 952 953 954 955 956 957]}]
[ 2816 ]>>  [{2806 2816 [882 883 884 885 886 963 964 965 966 967 968]} {2805 2816 [67 68 149 150 951 952 953 954 955 956]} {2806 2816 [67 68 148 149 150 951 952 953 954 955 956]}]
[ 2817 ]>>  [{2807 2817 [110 148 149 150 951 952 953 954 955 956 987]}]
[ 2818 ]>>  [{2808 2818 [726 727 866 867 884 885 886 963 964 965 966 967]} {2808 2818 [147 148 149 150 951 952 953 955 956 987]}]
[ 2824 ]>>  [{2814 2824 [722 723 724 725 726 727 728 729 730 780]}]
[ 2846 ]>>  [{2836 2846 [34 400 796 798 799 800 852 853 971 972]}]
[ 2847 ]>>  [{2837 2847 [63 103 105 106 107 223 224 225 226 323]}]
[ 2875 ]>>  [{2865 2875 [154 155 576 700 701 702 802 902 965 966]}]
[ 2876 ]>>  [{2866 2876 [53 154 155 576 701 702 703 704 705 706]}]
[ 2879 ]>>  [{2869 2879 [54 55 56 571 572 574 624 625 645 732 733]} {2869 2879 [154 155 263 575 576 701 702 703 704 705 706]}]
[ 2884 ]>>  [{2874 2884 [300 301 302 431 432 433 434 514 516 718]}]
[ 2890 ]>>  [{2880 2890 [120 121 123 124 125 387 388 389 390 844]}]
[ 2902 ]>>  [{2892 2902 [327 500 501 502 506 725 726 897 940 941]}]
[ 2908 ]>>  [{2898 2908 [33 113 114 268 480 481 817 818 819 820]}]
[ 2923 ]>>  [{2913 2923 [244 245 361 362 363 373 374 584 755 756]}]
[ 2927 ]>>  [{2917 2927 [15 16 17 18 95 96 861 862 863 864]}]
[ 2929 ]>>  [{2919 2929 [13 15 16 18 469 860 861 862 864 865]}]
[ 2930 ]>>  [{2920 2930 [32 68 69 70 71 976 977 978 981 982]}]
[ 2931 ]>>  [{2921 2931 [68 69 70 71 486 976 977 978 981 982]} {2921 2931 [13 15 16 18 860 861 862 864 865 866]}]
[ 2935 ]>>  [{2925 2935 [89 90 702 703 859 860 861 862 864 865]}]
[ 2940 ]>>  [{2930 2940 [182 183 215 216 363 364 792 793 795 796]}]
[ 2958 ]>>  [{2948 2958 [53 54 55 179 182 183 184 229 653 861]}]
[ 2969 ]>>  [{2959 2969 [115 116 117 118 399 400 468 469 598 599]}]
[ 2996 ]>>  [{2985 2996 [453 454 602 603 605 606 818 819 820 821]}]
[ 3004 ]>>  [{2994 3004 [81 82 215 216 217 748 749 750 888 890]}]
[ 3015 ]>>  [{3005 3015 [261 262 263 512 518 519 606 607 608 967 968]}]
[ 3016 ]>>  [{3006 3016 [256 257 258 259 260 674 802 803 812 814]}]
[ 3019 ]>>  [{3009 3019 [9 138 139 140 142 220 221 222 472 473]}]
[ 3022 ]>>  [{3012 3022 [17 18 142 460 461 462 472 473 516 517 843]} {3012 3022 [14 15 141 380 381 382 384 474 820 821 822]}]
[ 3023 ]>>  [{3013 3023 [14 15 17 18 384 462 472 474 820 821 822 843]} {3013 3023 [141 142 380 381 382 460 461 473 516 517]}]
[ 3038 ]>>  [{3028 3038 [82 949 950 951 952 953 954 955 956 957]}]
[ 3056 ]>>  [{3046 3056 [248 340 341 342 343 698 699 700 701 725]}]
[ 3062 ]>>  [{3052 3062 [235 236 237 238 240 242 243 244 272 920]}]
[ 3064 ]>>  [{3054 3064 [235 236 237 238 242 243 244 799 800 920]}]
[ 3078 ]>>  [{3068 3078 [152 153 154 155 156 157 405 989 990 991]}]
[ 3099 ]>>  [{3089 3099 [152 153 210 211 212 213 214 321 901 902]}]
[ 3103 ]>>  [{3093 3103 [152 153 210 211 212 213 214 215 216 217 222 321]} {3092 3103 [152 153 210 211 212 213 214 215 216 217 321]}]
[ 3104 ]>>  [{3094 3104 [152 153 154 155 211 212 213 214 215 222 321]}]
[ 3118 ]>>  [{3108 3118 [50 51 346 347 584 585 744 872 877 878]}]
[ 3129 ]>>  [{3119 3129 [154 155 156 157 282 436 437 829 830 831]}]
[ 3140 ]>>  [{3130 3140 [44 45 47 48 49 50 51 57 58 220]}]
[ 3142 ]>>  [{3132 3142 [99 205 306 665 803 804 807 808 809 810 811]}]
[ 3143 ]>>  [{3133 3143 [306 525 526 802 803 804 807 808 809 810 811]}]
[ 3145 ]>>  [{3135 3145 [527 800 801 802 803 804 807 808 809 810 811]} {3134 3145 [527 801 802 803 804 807 808 809 810 811]}]
[ 3173 ]>>  [{3163 3173 [42 43 44 45 285 569 699 701 702 710]}]
[ 3198 ]>>  [{3188 3198 [227 228 305 306 307 328 329 330 331 572 707]}]
[ 3216 ]>>  [{3206 3216 [99 100 101 102 103 354 355 435 436 437 818]}]
[ 3225 ]>>  [{3215 3225 [36 250 336 338 340 819 821 822 823 824]}]
[ 3228 ]>>  [{3218 3228 [36 361 362 822 823 824 901 902 907 908 909]}]
[ 3229 ]>>  [{3219 3229 [144 145 146 147 221 222 287 289 472 768]}]
[ 3232 ]>>  [{3222 3232 [494 495 496 497 498 499 881 882 884 985]}]
[ 3237 ]>>  [{3227 3237 [5 34 175 177 178 268 831 883 947 948 949]}]
[ 3238 ]>>  [{3228 3238 [77 78 391 392 393 394 395 773 774 905]}]
[ 3258 ]>>  [{3248 3258 [63 64 65 66 327 328 506 507 508 886]}]
[ 3261 ]>>  [{3251 3261 [72 193 195 196 197 240 430 431 433 588]}]
[ 3287 ]>>  [{3277 3287 [25 28 159 160 420 421 422 423 424 425 999]}]
[ 3298 ]>>  [{3288 3298 [33 34 35 36 496 497 877 878 879 880 881]}]
[ 3324 ]>>  [{3314 3324 [261 262 263 264 265 277 299 305 310 654]}]
[ 3351 ]>>  [{3341 3351 [151 153 154 409 410 411 412 743 744 980]}]
[ 3352 ]>>  [{3342 3352 [151 153 154 208 409 410 411 412 743 744 803]}]
[ 3379 ]>>  [{3369 3379 [233 234 737 738 803 804 805 948 949 950]}]
[ 3383 ]>>  [{3373 3383 [185 186 190 191 192 193 194 195 703 704 748]}]
[ 3408 ]>>  [{3398 3408 [421 422 423 424 585 586 587 728 729 734 997]}]
[ 3414 ]>>  [{3404 3414 [109 110 341 342 343 357 358 359 632 635 842]}]
[ 3415 ]>>  [{3405 3415 [109 110 312 341 342 343 357 358 359 635 842]} {3404 3415 [109 110 341 342 343 357 358 359 635 842]}]
[ 3429 ]>>  [{3419 3429 [157 158 159 160 161 450 451 452 627 753]}]
[ 3438 ]>>  [{3428 3438 [111 221 222 223 365 366 367 368 451 552]}]
[ 3470 ]>>  [{3460 3470 [513 612 614 615 658 659 802 808 985 986 987]}]
[ 3471 ]>>  [{3461 3471 [267 269 270 273 421 539 540 541 542 543 544]} {3461 3471 [11 12 175 176 236 635 641 642 643 644 645 646 678]}]
[ 3472 ]>>  [{3462 3472 [11 12 19 20 175 176 236 633 635 641 642 643 644]} {3461 3472 [11 12 175 176 236 635 641 642 643 644]}]
[ 3473 ]>>  [{3462 3473 [11 12 19 236 633 635 641 642 643 644]} {3463 3473 [11 12 19 37 236 633 635 641 642 643 644 806]}]
[ 3474 ]>>  [{3464 3474 [12 37 631 632 633 635 641 642 643 644]}]
[ 3524 ]>>  [{3514 3524 [554 555 556 559 984 985 986 987 989 990]}]
[ 3535 ]>>  [{3525 3535 [173 174 526 582 583 584 585 586 587 709]}]
[ 3543 ]>>  [{3533 3543 [106 290 295 296 297 299 399 400 401 402 408]}]
[ 3563 ]>>  [{3553 3563 [317 569 570 693 799 927 953 954 955 956]}]
[ 3597 ]>>  [{3587 3597 [593 594 596 616 617 618 619 620 623 624 625]}]
[ 3598 ]>>  [{3588 3598 [593 594 596 619 620 623 624 625 626 627 628]}]
[ 3602 ]>>  [{3592 3602 [30 33 34 106 107 701 844 845 846 847 848 849 850 851]}]
[ 3603 ]>>  [{3592 3603 [34 106 107 701 844 845 846 849 850 851]}]
[ 3617 ]>>  [{3607 3617 [28 218 219 220 331 716 722 723 764 952 953]}]
[ 3649 ]>>  [{3639 3649 [476 740 741 818 819 820 821 822 823 833]}]
[ 3654 ]>>  [{3644 3654 [123 124 327 334 346 706 835 836 919 991]}]
[ 3656 ]>>  [{3646 3656 [134 135 136 137 148 149 205 206 231 232 621 863]}]
[ 3665 ]>>  [{3655 3665 [41 100 129 130 131 132 479 644 645 646 647]}]
[ 3666 ]>>  [{3656 3666 [79 80 81 140 576 577 578 878 879 987 988]}]
[ 3669 ]>>  [{3658 3669 [487 488 489 490 491 496 570 571 572 855]}]
[ 3671 ]>>  [{3661 3671 [53 54 128 129 130 131 132 551 689 812]}]
[ 3680 ]>>  [{3670 3680 [94 95 288 465 602 603 604 605 742 743]}]
[ 3692 ]>>  [{3682 3692 [289 290 296 297 298 781 782 783 784 785 786]}]
[ 3693 ]>>  [{3682 3693 [289 296 297 298 781 782 783 784 785 786]}]
[ 3706 ]>>  [{3696 3706 [37 38 39 40 332 563 564 693 838 839 840 841]}]
[ 3707 ]>>  [{3696 3707 [37 38 39 40 332 693 838 839 840 841]} {3697 3707 [37 38 39 40 130 332 693 838 839 840 841]}]
[ 3708 ]>>  [{3698 3708 [37 38 39 332 335 693 838 839 840 841]}]
[ 3712 ]>>  [{3702 3712 [809 810 811 812 830 846 847 848 849 958]} {3702 3712 [322 323 329 330 331 547 550 551 552 725]}]
[ 3716 ]>>  [{3706 3716 [150 287 288 290 291 292 293 294 435 440]}]
[ 3745 ]>>  [{3735 3745 [6 7 213 280 281 393 620 701 702 978 979]}]
[ 3747 ]>>  [{3737 3747 [59 560 587 588 589 590 591 592 593 770]} {3737 3747 [6 7 344 345 620 621 701 702 978 979]}]
[ 3752 ]>>  [{3742 3752 [438 439 440 441 442 514 515 516 517 647 648]}]
[ 3753 ]>>  [{3742 3753 [438 439 440 441 442 514 515 516 647 648]} {3743 3753 [436 437 438 439 440 441 442 482 483 484 485 514 515 516 647 648]}]
[ 3767 ]>>  [{3757 3767 [324 325 345 347 573 574 575 576 577 578]}]
[ 3783 ]>>  [{3773 3783 [46 47 230 232 258 299 535 536 880 881]}]
[ 3795 ]>>  [{3785 3795 [366 393 394 642 643 711 712 713 976 977]}]
[ 3802 ]>>  [{3792 3802 [227 228 230 231 329 330 332 333 334 335 848]}]
[ 3829 ]>>  [{3819 3829 [85 86 87 93 94 119 120 223 445 446]}]
[ 3830 ]>>  [{3820 3830 [85 86 87 93 94 120 223 444 445 446 623 624]}]
[ 3844 ]>>  [{3834 3844 [163 164 201 590 591 592 593 594 595 596 599]}]
[ 3845 ]>>  [{3834 3845 [163 164 201 590 591 592 593 594 595 596]} {3835 3845 [163 164 201 590 591 592 593 594 595 596 990]}]
[ 3851 ]>>  [{3841 3851 [17 18 19 20 21 234 941 942 944 945]}]
[ 3854 ]>>  [{3844 3854 [545 902 903 921 922 923 955 956 957 958]}]
[ 3863 ]>>  [{3853 3863 [421 558 559 560 561 562 847 848 938 939]}]
[ 3865 ]>>  [{3855 3865 [431 432 433 434 440 441 442 443 550 691]}]
[ 3880 ]>>  [{3870 3880 [522 523 524 525 564 565 566 567 568 606]}]
[ 3893 ]>>  [{3883 3893 [445 446 453 478 479 480 481 495 628 640]}]
[ 3897 ]>>  [{3887 3897 [336 367 368 369 608 609 691 780 781 782]}]
[ 3901 ]>>  [{3891 3901 [381 382 631 752 753 754 831 877 879 880 882]} {3890 3901 [382 631 752 753 754 831 877 879 880 882]}]
[ 3904 ]>>  [{3894 3904 [199 208 209 236 437 443 444 621 910 911 913]}]
[ 3907 ]>>  [{3897 3907 [443 444 445 446 447 621 820 821 888 913]}]
[ 3926 ]>>  [{3916 3926 [147 148 149 286 362 363 364 365 366 367]}]
[ 3929 ]>>  [{3919 3929 [72 233 234 283 284 372 373 374 759 760 840]}]
[ 3933 ]>>  [{3923 3933 [87 112 113 114 331 332 333 467 614 790 803]}]
[ 3934 ]>>  [{3923 3934 [72 283 284 369 370 371 372 373 374 560]} {3924 3934 [72 73 283 284 369 370 371 372 373 374 560]}]
[ 3941 ]>>  [{3931 3941 [239 335 538 539 540 543 724 725 954 955]}]
[ 3954 ]>>  [{3944 3954 [143 145 146 147 148 233 657 693 694 695 747]}]
[ 3957 ]>>  [{3947 3957 [516 517 518 519 520 521 524 527 745 746 794]}]
[ 3958 ]>>  [{3948 3958 [434 435 521 524 527 528 597 598 599 744 745 746 794]}]
[ 3962 ]>>  [{3952 3962 [591 592 706 941 942 943 944 946 947 948 950]}]
[ 3963 ]>>  [{3953 3963 [678 704 705 706 941 942 943 944 946 947 948 950]}]
[ 3964 ]>>  [{3954 3964 [678 706 942 943 944 945 946 947 948 950]}]
[ 3965 ]>>  [{3955 3965 [87 88 89 521 522 523 524 525 526 527]}]
[ 3968 ]>>  [{3958 3968 [135 384 385 386 927 928 929 930 931 932 933]}]
[ 3970 ]>>  [{3960 3970 [66 370 371 454 455 456 643 645 839 840]}]
[ 3979 ]>>  [{3969 3979 [134 135 598 599 771 772 819 900 901 904]}]
[ 4004 ]>>  [{3994 4004 [35 36 243 264 771 772 774 775 875 876]}]
[ 4030 ]>>  [{4020 4030 [347 348 349 350 716 717 719 720 906 907]}]
[ 4046 ]>>  [{4036 4046 [269 270 271 272 342 506 507 508 514 517]}]
[ 4047 ]>>  [{4037 4047 [269 270 271 272 342 369 507 508 514 517]}]
[ 4066 ]>>  [{4056 4066 [422 423 507 814 816 825 863 870 871 872]}]
[ 4067 ]>>  [{4057 4067 [292 293 418 419 482 483 504 505 552 849]}]
[ 4068 ]>>  [{4058 4068 [57 58 59 61 62 63 515 516 517 518]}]
[ 4078 ]>>  [{4068 4078 [269 271 356 357 666 667 668 756 757 758]}]
[ 4105 ]>>  [{4095 4105 [13 22 23 201 763 882 884 885 886 887]}]
[ 4117 ]>>  [{4107 4117 [16 17 18 19 21 194 195 225 226 875]}]
[ 4139 ]>>  [{4128 4139 [269 270 346 586 587 590 591 592 884 885]} {4129 4139 [269 270 346 586 587 590 591 592 674 884 885]}]
[ 4144 ]>>  [{4134 4144 [225 226 227 382 383 384 385 386 387 937]}]
[ 4145 ]>>  [{4135 4145 [77 417 419 737 738 739 740 741 742 743 875]}]
[ 4152 ]>>  [{4142 4152 [61 62 63 83 84 85 86 87 241 723]}]
[ 4155 ]>>  [{4145 4155 [107 108 109 476 477 478 479 484 485 486]}]
[ 4156 ]>>  [{4146 4156 [50 114 308 311 312 313 314 315 316 842]}]
[ 4157 ]>>  [{4147 4157 [50 308 311 312 313 314 315 316 838 842 947 948]}]
[ 4158 ]>>  [{4147 4158 [50 311 312 313 314 315 316 838 842 947 948]}]
[ 4170 ]>>  [{4160 4170 [157 158 237 359 360 383 793 796 916 917]}]
[ 4171 ]>>  [{4161 4171 [157 158 357 358 359 360 383 793 916 917]}]
[ 4199 ]>>  [{4189 4199 [373 404 543 596 597 604 605 633 691 692 693 768 769]}]
[ 4200 ]>>  [{4189 4200 [373 543 596 597 604 605 633 692 693 768]}]
[ 4201 ]>>  [{4191 4201 [373 543 604 605 633 692 693 767 768 913]}]
[ 4218 ]>>  [{4208 4218 [354 371 372 373 627 628 629 630 631 868]} {4208 4218 [393 417 695 696 914 915 916 917 918 919]}]
[ 4245 ]>>  [{4235 4245 [107 108 109 110 264 265 266 376 377 378 379 380]}]
[ 4246 ]>>  [{4236 4246 [192 222 223 224 225 508 509 552 553 554]}]
[ 4249 ]>>  [{4239 4249 [29 107 108 109 110 112 113 114 387 589]}]
[ 4250 ]>>  [{4240 4250 [29 110 112 113 114 273 589 760 761 762]}]
[ 4269 ]>>  [{4259 4269 [79 80 278 279 280 469 741 742 872 873]}]
[ 4278 ]>>  [{4268 4278 [43 44 45 46 351 748 749 750 781 784]}]
[ 4289 ]>>  [{4279 4289 [209 348 349 350 351 352 498 524 730 887 888]}]
[ 4290 ]>>  [{4280 4290 [526 527 583 585 591 931 932 933 934 935 936]}]
[ 4291 ]>>  [{4281 4291 [209 348 349 350 351 352 441 442 498 730]} {4281 4291 [295 583 585 591 931 932 933 934 935 936]}]
[ 4292 ]>>  [{4282 4292 [361 662 732 733 734 748 749 750 751 752]}]
[ 4329 ]>>  [{4319 4329 [286 304 305 811 815 816 817 818 964 965]}]
[ 4336 ]>>  [{4326 4336 [525 526 589 590 591 592 666 819 820 926]}]
[ 4347 ]>>  [{4337 4347 [281 282 283 438 439 440 551 552 617 618]}]
[ 4356 ]>>  [{4346 4356 [64 65 66 67 68 70 216 217 218 308]}]
[ 4366 ]>>  [{4356 4366 [0 2 110 147 148 149 334 418 742 997]}]
[ 4375 ]>>  [{4364 4375 [111 112 189 274 328 329 870 871 885 886]} {4365 4375 [110 111 112 189 274 328 329 754 870 871 873 885 886]}]
[ 4391 ]>>  [{4381 4391 [49 50 51 52 53 502 504 505 506 639]} {4381 4391 [496 497 498 771 975 976 977 989 990 991 992]}]
[ 4405 ]>>  [{4395 4405 [479 480 481 656 658 659 660 796 797 798]}]
[ 4418 ]>>  [{4408 4418 [177 178 179 180 181 182 376 377 608 642]}]
[ 4441 ]>>  [{4431 4441 [86 88 480 597 841 842 843 844 845 846]}]
[ 4455 ]>>  [{4445 4455 [3 4 90 144 145 146 670 672 894 897]}]
[ 4456 ]>>  [{4446 4456 [4 90 91 144 145 146 670 672 870 894]}]
[ 4475 ]>>  [{4465 4475 [289 290 291 333 334 335 342 343 492 819 820 822]}]
[ 4481 ]>>  [{4471 4481 [69 110 111 117 118 262 263 434 435 946]}]
[ 4493 ]>>  [{4483 4493 [333 334 335 388 389 411 412 413 600 632]}]
[ 4498 ]>>  [{4488 4498 [371 372 373 374 376 377 378 379 380 381]}]
[ 4511 ]>>  [{4501 4511 [43 104 105 106 107 108 109 322 327 328 741]}]
[ 4524 ]>>  [{4514 4524 [91 102 663 664 665 666 667 669 671 672]}]
[ 4535 ]>>  [{4525 4535 [44 45 50 147 148 149 582 639 640 641 642 643 728]}]
[ 4547 ]>>  [{4537 4547 [163 164 324 882 890 975 976 983 985 986]}]
[ 4548 ]>>  [{4538 4548 [163 164 324 710 882 888 975 976 985 986]}]
[ 4575 ]>>  [{4565 4575 [124 269 270 271 272 586 587 588 589 681]}]
[ 4576 ]>>  [{4566 4576 [123 124 269 272 583 584 587 588 589 681]}]
[ 4589 ]>>  [{4579 4589 [214 215 561 562 563 567 625 683 829 839]}]
[ 4592 ]>>  [{4582 4592 [657 658 662 663 664 666 668 670 671 906 907 908]}]
[ 4594 ]>>  [{4584 4594 [163 164 165 618 619 620 621 622 891 892 893]}]
[ 4597 ]>>  [{4587 4597 [193 453 454 546 666 667 668 670 671 907]}]
[ 4601 ]>>  [{4591 4601 [193 453 667 668 669 670 738 813 814 907]}]
[ 4609 ]>>  [{4599 4609 [343 346 354 355 356 357 617 779 859 860 861]}]
[ 4620 ]>>  [{4610 4620 [138 139 180 181 243 244 478 479 949 950]}]
[ 4621 ]>>  [{4611 4621 [112 559 560 561 562 563 683 684 685 971]}]
[ 4665 ]>>  [{4655 4665 [26 27 249 607 680 898 899 900 901 902]}]
[ 4686 ]>>  [{4676 4686 [372 373 374 375 376 444 445 446 447 448 894]}]
[ 4705 ]>>  [{4695 4705 [57 58 59 60 61 62 300 353 927 932]}]
[ 4714 ]>>  [{4704 4714 [31 32 33 37 48 336 337 454 768 769]}]
[ 4758 ]>>  [{4748 4758 [21 157 294 412 413 425 426 431 432 473]}]
[ 4775 ]>>  [{4765 4775 [131 136 137 138 139 140 250 251 252 253 754]}]
[ 4776 ]>>  [{4766 4776 [131 136 137 138 139 140 252 253 308 636 754]}]
[ 4777 ]>>  [{4767 4777 [131 133 134 135 136 139 140 253 308 636 754]}]
[ 4791 ]>>  [{4781 4791 [270 271 272 273 569 570 571 572 929 930 946]}]
[ 4792 ]>>  [{4782 4792 [270 271 272 273 415 416 417 569 570 571 572 946]}]
[ 4795 ]>>  [{4785 4795 [177 180 240 241 242 243 244 732 733 734 736 941 942]}]
[ 4796 ]>>  [{4786 4796 [145 180 241 242 243 244 732 733 734 736]}]
[ 4809 ]>>  [{4799 4809 [30 32 75 76 77 617 647 648 683 684 694]}]
[ 4810 ]>>  [{4800 4810 [32 75 77 220 617 647 648 683 684 694]}]
[ 4811 ]>>  [{4801 4811 [308 365 366 367 443 444 445 640 641 911]}]
[ 4818 ]>>  [{4808 4818 [270 271 272 489 490 495 496 497 924 925 926 927 928]}]
[ 4819 ]>>  [{4808 4819 [270 271 272 495 496 497 924 925 926 927 928]}]
[ 4820 ]>>  [{4810 4820 [278 279 280 888 920 921 930 947 948 962]}]
[ 4835 ]>>  [{4825 4835 [173 174 175 176 177 597 599 601 743 744]}]
[ 4838 ]>>  [{4828 4838 [188 189 383 384 385 386 387 535 536 537 538]}]
[ 4845 ]>>  [{4835 4845 [36 37 39 55 397 398 399 846 847 848]}]
[ 4849 ]>>  [{4839 4849 [366 371 537 538 786 787 788 923 924 925 984]}]
[ 4850 ]>>  [{4840 4850 [366 371 537 538 582 786 787 788 923 984]}]
[ 4862 ]>>  [{4851 4862 [492 619 620 717 718 828 830 831 832 833]}]
[ 4863 ]>>  [{4853 4863 [34 183 184 185 186 187 264 265 266 604]} {4853 4863 [199 348 349 350 351 352 391 392 676 845]}]
[ 4864 ]>>  [{4854 4864 [716 725 726 727 728 822 823 825 826 827]}]
[ 4866 ]>>  [{4856 4866 [99 100 101 621 622 716 717 718 725 826]} {4856 4866 [25 26 407 408 414 415 416 524 614 615 616 617 618 972]}]
[ 4870 ]>>  [{4860 4870 [198 199 377 378 379 402 449 464 907 908 909]}]
[ 4873 ]>>  [{4863 4873 [112 113 202 203 419 538 542 633 634 635]}]
[ 4882 ]>>  [{4872 4882 [74 75 76 278 279 280 365 366 367 392 393 795]}]
[ 4904 ]>>  [{4894 4904 [9 550 903 904 905 964 965 966 968 969]}]
[ 4908 ]>>  [{4898 4908 [351 353 355 356 357 454 535 537 609 611 612]}]
[ 4923 ]>>  [{4913 4923 [673 674 675 676 677 722 723 889 892 958 961]}]
[ 4925 ]>>  [{4915 4925 [209 678 679 681 721 722 723 890 891 892]} {4915 4925 [78 79 80 81 82 352 353 448 578 988]}]
[ 4930 ]>>  [{4920 4930 [157 158 279 375 376 526 530 645 646 647 842]}]
[ 4931 ]>>  [{4921 4931 [157 158 356 375 376 530 531 645 646 647]}]
[ 4944 ]>>  [{4934 4944 [130 293 294 480 481 488 498 499 847 848]}]
[ 4954 ]>>  [{4944 4954 [102 244 245 246 247 391 423 616 617 811 915]}]
[ 4955 ]>>  [{4945 4955 [102 244 245 246 247 316 391 423 616 811]}]
[ 4962 ]>>  [{4952 4962 [4 5 149 150 152 153 558 598 599 600 955]}]
[ 4983 ]>>  [{4973 4983 [89 90 254 255 256 512 513 514 931 932 943 944]}]
[ 5022 ]>>  [{5012 5022 [133 134 135 136 137 138 139 172 322 584]}]
[ 5042 ]>>  [{5031 5042 [100 101 102 103 104 105 106 108 109 874]}]
[ 5044 ]>>  [{5034 5044 [101 102 103 104 105 106 108 109 426 935]}]
[ 5070 ]>>  [{5060 5070 [629 630 631 633 635 638 639 847 848 895]}]
[ 5086 ]>>  [{5076 5086 [17 244 245 273 274 275 284 302 461 462 463]}]
[ 5105 ]>>  [{5095 5105 [439 440 496 497 498 499 500 550 551 552 553]}]
[ 5135 ]>>  [{5125 5135 [78 140 301 323 715 862 863 864 865 962 963]}]
[ 5154 ]>>  [{5144 5154 [40 41 184 185 186 877 878 879 880 881]}]
[ 5198 ]>>  [{5188 5198 [294 295 296 297 335 551 923 924 925 952]}]
[ 5206 ]>>  [{5196 5206 [91 92 235 236 237 326 387 409 765 766]}]
[ 5207 ]>>  [{5197 5207 [88 90 93 235 236 237 326 387 409 669]}]
[ 5242 ]>>  [{5232 5242 [169 170 257 982 983 984 986 987 988 989]}]
[ 5253 ]>>  [{5243 5253 [24 25 26 156 157 268 620 883 884 938]}]
[ 5255 ]>>  [{5245 5255 [308 397 398 399 413 414 415 416 950 951]}]
[ 5271 ]>>  [{5261 5271 [78 79 247 539 540 541 859 860 861 862 863 864]}]
[ 5291 ]>>  [{5281 5291 [180 234 235 298 326 327 453 454 455 456]}]
[ 5353 ]>>  [{5343 5353 [96 453 454 506 591 623 624 838 927 928]}]
[ 5399 ]>>  [{5389 5399 [208 209 348 349 412 413 414 510 512 829]}]
[ 5403 ]>>  [{5393 5403 [141 142 350 351 372 373 374 840 842 879]}]
[ 5404 ]>>  [{5394 5404 [691 692 767 768 772 773 774 775 788 789 790 791 792 923]}]
[ 5435 ]>>  [{5424 5435 [179 180 181 231 235 236 237 238 239 240 336 704]}]
[ 5442 ]>>  [{5432 5442 [10 11 13 14 18 19 20 139 140 286 287 293]}]
[ 5449 ]>>  [{5439 5449 [276 619 620 621 622 666 668 669 670 671]}]
[ 5450 ]>>  [{5440 5450 [56 57 102 185 724 917 965 966 967 968 969]}]
[ 5451 ]>>  [{5441 5451 [102 185 364 630 724 917 965 966 967 968 969]}]
[ 5452 ]>>  [{5442 5452 [99 100 299 343 426 427 428 429 433 480]}]
[ 5463 ]>>  [{5453 5463 [85 86 88 124 582 801 802 843 875 876]}]
[ 5470 ]>>  [{5460 5470 [242 243 465 466 467 468 469 470 728 772]}]
[ 5485 ]>>  [{5475 5485 [32 33 34 35 52 519 818 819 824 825]}]
[ 5545 ]>>  [{5535 5545 [117 355 356 669 670 671 707 959 960 961 963]}]
[ 5547 ]>>  [{5537 5547 [598 730 731 732 733 734 735 736 964 965]}]
[ 5561 ]>>  [{5551 5561 [114 115 143 144 654 890 891 892 893 894]}]
[ 5570 ]>>  [{5560 5570 [46 78 79 80 81 82 490 527 528 686]}]
[ 5571 ]>>  [{5561 5571 [46 76 77 78 79 80 81 82 490 527 528]}]
[ 5573 ]>>  [{5563 5573 [77 78 79 80 81 82 490 553 554 555]}]
[ 5608 ]>>  [{5598 5608 [57 73 74 277 278 280 513 964 965 966]}]
[ 5613 ]>>  [{5603 5613 [6 7 25 26 75 76 77 872 873 874 878 987]}]
[ 5616 ]>>  [{5606 5616 [578 579 679 743 744 749 783 784 785 821 823]}]
[ 5626 ]>>  [{5616 5626 [11 46 248 249 265 266 363 827 828 829]}]
[ 5639 ]>>  [{5629 5639 [286 287 538 586 668 673 674 675 676 687]}]
[ 5641 ]>>  [{5631 5641 [25 26 285 286 287 667 668 673 675 676]}]
[ 5647 ]>>  [{5637 5647 [201 202 402 412 413 764 809 811 812 813 858 859 960]}]
[ 5650 ]>>  [{5640 5650 [201 202 659 660 809 811 812 828 959 960]}]
[ 5655 ]>>  [{5645 5655 [325 326 522 725 726 727 968 969 970 971]}]
[ 5657 ]>>  [{5647 5657 [111 112 113 114 231 232 752 753 754 780]}]
[ 5680 ]>>  [{5670 5680 [102 103 104 430 431 469 470 471 473 897]}]
[ 5689 ]>>  [{5679 5689 [296 297 298 496 497 498 499 500 733 734 735]}]
[ 5690 ]>>  [{5680 5690 [296 299 496 497 498 499 500 733 734 735]}]
[ 5694 ]>>  [{5684 5694 [112 113 149 226 227 228 487 488 491 887]}]
[ 5695 ]>>  [{5685 5695 [113 114 123 226 227 228 487 488 491 864 887]}]
[ 5696 ]>>  [{5686 5696 [123 226 227 228 487 488 491 611 612 864]}]
[ 5699 ]>>  [{5689 5699 [322 835 836 839 840 841 842 843 845 846 848]} {5689 5699 [226 227 228 377 486 487 488 491 893 894 897]}]
[ 5700 ]>>  [{5689 5700 [835 836 839 840 841 842 843 845 846 848]} {5690 5700 [127 223 224 228 377 491 893 894 895 896 897]}]
[ 5701 ]>>  [{5691 5701 [145 148 531 789 880 881 882 928 929 994]}]
[ 5703 ]>>  [{5693 5703 [145 146 147 176 921 924 925 926 927 928 929]}]
[ 5725 ]>>  [{5715 5725 [88 296 297 298 829 933 934 936 937 938]}]
[ 5727 ]>>  [{5717 5727 [79 80 126 391 392 575 627 873 874 875]}]
[ 5733 ]>>  [{5723 5733 [460 461 462 669 674 675 865 922 974 975]}]
[ 5735 ]>>  [{5725 5735 [98 164 208 210 233 234 235 284 317 537]}]
[ 5767 ]>>  [{5757 5767 [46 47 49 50 51 53 54 112 113 523]}]
[ 5778 ]>>  [{5768 5778 [22 199 200 201 202 315 316 317 435 950]}]
[ 5779 ]>>  [{5769 5779 [643 644 645 646 647 648 649 650 935 936 939]} {5768 5779 [643 644 645 646 647 648 649 650 935 936]}]
[ 5784 ]>>  [{5774 5784 [371 615 616 617 618 712 745 746 747 867]}]
[ 5785 ]>>  [{5775 5785 [474 475 476 615 616 617 712 745 746 747]}]
[ 5795 ]>>  [{5785 5795 [365 366 367 468 515 516 517 682 683 853 897]}]
[ 5797 ]>>  [{5786 5797 [136 327 328 329 330 590 591 592 860 861]} {5787 5797 [136 327 328 329 330 331 590 591 592 860 861]} {5787 5797 [351 352 353 354 355 356 407 531 900 901]}]
[ 5799 ]>>  [{5789 5799 [199 200 201 202 203 204 205 206 722 726]}]
[ 5820 ]>>  [{5810 5820 [78 430 503 504 560 743 744 945 946 947]}]
[ 5837 ]>>  [{5827 5837 [223 224 337 339 340 341 576 577 690 691]}]
[ 5838 ]>>  [{5828 5838 [180 181 182 300 301 493 762 763 843 844]}]
[ 5839 ]>>  [{5829 5839 [156 180 181 182 300 301 762 763 843 844]}]
[ 5842 ]>>  [{5831 5842 [46 47 48 89 90 91 402 403 404 563]}]
[ 5854 ]>>  [{5844 5854 [59 60 237 238 239 311 649 650 859 860]}]
[ 5868 ]>>  [{5858 5868 [302 836 837 838 839 840 841 951 952 953]}]
[ 5870 ]>>  [{5860 5870 [9 10 338 339 340 548 549 550 551 804 805]}]
[ 5886 ]>>  [{5876 5886 [85 316 353 354 571 732 733 734 735 947]}]
[ 5889 ]>>  [{5879 5889 [187 206 249 423 468 469 657 658 659 807]}]
[ 5903 ]>>  [{5893 5903 [123 124 125 126 128 129 413 414 601 948]}]
[ 5905 ]>>  [{5895 5905 [123 124 125 126 128 129 411 412 859 860]}]
[ 5926 ]>>  [{5916 5926 [514 582 584 782 858 859 860 862 867 950]}]
[ 5931 ]>>  [{5920 5931 [25 884 894 895 897 898 927 928 929 930]}]
[ 5933 ]>>  [{5923 5933 [210 211 620 621 623 652 785 786 814 815 849 850 851 912 914]}]
[ 5945 ]>>  [{5935 5945 [0 1 4 96 427 626 726 727 728 729 920 921 922]}]
[ 5949 ]>>  [{5938 5949 [314 795 796 797 798 799 800 801 947 948]}]
[ 5950 ]>>  [{5940 5950 [314 379 380 795 796 797 798 799 947 948]}]
[ 5963 ]>>  [{5953 5963 [129 294 500 530 531 532 533 534 535 936]}]
[ 6003 ]>>  [{5993 6003 [119 120 121 122 123 124 125 461 508 509]}]
[ 6020 ]>>  [{6010 6020 [146 147 636 637 638 791 792 793 794 795 927]}]
[ 6021 ]>>  [{6010 6021 [146 147 636 637 638 791 792 793 794 795]}]
[ 6022 ]>>  [{6012 6022 [254 255 636 637 638 791 792 793 794 795]}]
[ 6023 ]>>  [{6013 6023 [254 255 636 637 638 775 792 793 794 795]}]
[ 6037 ]>>  [{6027 6037 [282 283 757 758 759 761 762 763 764 845 851]}]
[ 6038 ]>>  [{6028 6038 [30 31 32 406 686 687 688 689 857 922]}]
[ 6044 ]>>  [{6034 6044 [337 607 664 665 666 667 763 764 844 853]}]
[ 6045 ]>>  [{6035 6045 [607 663 664 665 666 667 764 769 770 771 772 853]} {6035 6045 [416 417 559 562 603 604 629 630 632 922]}]
[ 6051 ]>>  [{6041 6051 [95 180 255 256 280 281 282 493 494 529 578]}]
[ 6061 ]>>  [{6051 6061 [42 43 115 116 419 420 421 424 471 472 876]}]
[ 6078 ]>>  [{6068 6078 [76 239 240 273 502 503 504 505 514 596 597]}]
[ 6089 ]>>  [{6079 6089 [0 1 2 3 4 5 552 553 836 837 838]}]
[ 6123 ]>>  [{6113 6123 [221 226 227 313 314 315 342 343 344 454]}]
[ 6124 ]>>  [{6114 6124 [221 222 226 227 313 342 343 344 454 769]}]
[ 6125 ]>>  [{6115 6125 [220 221 222 313 342 343 344 454 769 876]}]
[ 6128 ]>>  [{6118 6128 [56 58 59 274 275 415 417 418 419 421]}]
[ 6130 ]>>  [{6120 6130 [59 275 411 412 413 415 417 418 419 421]}]
[ 6131 ]>>  [{6121 6131 [275 276 277 335 336 411 412 413 414 415 417 421]}]
[ 6133 ]>>  [{6122 6133 [275 276 277 335 336 411 412 417 420 421 596]}]
[ 6134 ]>>  [{6124 6134 [275 276 277 335 336 410 411 412 417 596]}]
[ 6143 ]>>  [{6133 6143 [72 73 74 540 542 543 650 651 902 903]}]
[ 6157 ]>>  [{6147 6157 [326 327 328 329 496 497 579 580 586 587 588 589]}]
[ 6158 ]>>  [{6147 6158 [326 327 328 329 496 497 579 580 586 587 588]}]
[ 6161 ]>>  [{6151 6161 [52 53 54 55 56 57 671 859 867 924 925]}]
[ 6164 ]>>  [{6154 6164 [339 340 341 342 343 499 562 563 735 736]}]
[ 6183 ]>>  [{6173 6183 [299 300 301 302 303 304 305 306 623 624]}]
[ 6188 ]>>  [{6178 6188 [185 292 294 295 296 312 495 496 614 639]} {6178 6188 [25 26 187 188 195 196 197 198 342 422]}]
[ 6190 ]>>  [{6179 6190 [60 120 121 122 123 124 125 390 462 463]}]
[ 6199 ]>>  [{6189 6199 [55 56 201 203 204 205 206 790 791 792]} {6189 6199 [38 39 41 45 46 179 396 580 581 582]}]
[ 6207 ]>>  [{6197 6207 [175 203 357 358 359 360 739 841 842 982]}]
[ 6208 ]>>  [{6198 6208 [175 176 357 358 359 360 739 841 842 981 982]}]
[ 6245 ]>>  [{6235 6245 [96 373 374 791 792 793 794 795 796 797]}]
[ 6246 ]>>  [{6236 6246 [257 258 259 260 261 262 263 296 836 844]}]
[ 6254 ]>>  [{6244 6254 [62 492 494 588 589 590 591 595 748 749]}]
[ 6265 ]>>  [{6255 6265 [129 172 434 765 897 898 899 900 901 904]}]
[ 6280 ]>>  [{6270 6280 [374 375 376 381 481 503 504 505 506 507]}]
[ 6281 ]>>  [{6271 6281 [19 20 51 304 376 381 439 503 504 505 506]}]
[ 6283 ]>>  [{6273 6283 [17 18 19 20 51 304 501 503 504 505]}]
[ 6284 ]>>  [{6274 6284 [254 255 604 620 713 716 717 718 721 722 723]}]
[ 6305 ]>>  [{6295 6305 [232 354 355 356 482 484 527 528 529 782]}]
[ 6323 ]>>  [{6313 6323 [78 115 153 154 278 383 388 681 682 815]}]
[ 6343 ]>>  [{6333 6343 [167 593 596 597 744 745 984 985 990 991]}]
[ 6355 ]>>  [{6345 6355 [107 108 110 906 907 911 912 913 945 994]}]
[ 6357 ]>>  [{6347 6357 [107 108 110 906 907 910 911 912 913 914 993]}]
[ 6373 ]>>  [{6363 6373 [109 110 163 166 167 168 176 183 705 706]}]
[ 6375 ]>>  [{6365 6375 [166 167 176 230 231 232 233 234 705 706]}]
[ 6410 ]>>  [{6400 6410 [125 127 128 129 130 131 689 690 691 692 782]}]
[ 6439 ]>>  [{6429 6439 [54 223 224 225 227 355 403 405 812 872]}]
[ 6452 ]>>  [{6442 6452 [41 43 44 45 48 149 150 151 216 217 369 766]}]
[ 6476 ]>>  [{6466 6476 [500 585 586 587 588 589 590 591 592 593 594]}]
[ 6477 ]>>  [{6467 6477 [38 39 81 82 83 133 371 550 896 897]} {6467 6477 [333 334 335 336 337 554 555 556 879 936]} {6467 6477 [422 423 424 425 426 427 747 748 877 878]}]
[ 6491 ]>>  [{6481 6491 [104 694 695 697 946 954 955 956 957 958]}]
[ 6505 ]>>  [{6495 6505 [79 80 81 82 83 84 183 185 573 574 699]}]
[ 6513 ]>>  [{6503 6513 [78 80 315 514 705 706 707 708 709 710]}]
[ 6518 ]>>  [{6508 6518 [384 385 510 511 512 513 619 620 663 874]}]
[ 6519 ]>>  [{6509 6519 [69 383 384 385 510 511 512 513 663 874]}]
[ 6520 ]>>  [{6510 6520 [383 384 385 418 510 511 512 513 663 874]}]
[ 6550 ]>>  [{6540 6550 [102 144 145 258 369 370 371 372 412 595]}]
[ 6571 ]>>  [{6561 6571 [534 741 742 743 744 745 746 747 810 811]}]
[ 6590 ]>>  [{6580 6590 [73 402 403 535 594 595 596 597 693 716]}]
[ 6591 ]>>  [{6581 6591 [73 402 403 508 509 535 693 716 717 866]}]
[ 6594 ]>>  [{6584 6594 [7 315 317 318 403 606 607 608 611 866]}]
[ 6601 ]>>  [{6591 6601 [301 303 304 322 358 359 789 846 900 969]}]
[ 6621 ]>>  [{6611 6621 [109 317 399 615 661 662 663 952 953 954]}]
[ 6637 ]>>  [{6627 6637 [211 212 213 521 522 957 958 959 960 961 962]}]
[ 6639 ]>>  [{6629 6639 [297 298 408 416 417 418 947 948 949 950]}]
[ 6660 ]>>  [{6650 6660 [246 477 478 479 480 537 538 763 764 767]}]
[ 6665 ]>>  [{6655 6665 [198 491 627 781 782 783 784 811 812 813]}]
[ 6666 ]>>  [{6656 6666 [22 23 24 390 391 625 843 844 845 846]}]
[ 6667 ]>>  [{6657 6667 [216 491 780 781 782 783 784 810 811 812 813]}]
[ 6675 ]>>  [{6664 6675 [305 306 307 308 310 312 313 314 799 800]} {6665 6675 [128 305 306 307 308 310 312 313 314 413 799 800]}]
[ 6676 ]>>  [{6666 6676 [305 306 307 308 310 312 413 798 799 800]} {6666 6676 [666 667 668 669 670 771 881 883 884 939]}]
[ 6687 ]>>  [{6677 6687 [266 267 268 450 451 452 637 969 970 972 973]}]
[ 6698 ]>>  [{6688 6698 [162 163 164 181 247 249 302 308 309 457 460 770 771 772 773]}]
[ 6699 ]>>  [{6689 6699 [0 208 296 325 432 433 659 790 816 817]} {6688 6699 [162 163 164 181 302 460 770 771 772 773]} {6689 6699 [162 163 164 181 302 459 460 770 771 772 773]}]
[ 6700 ]>>  [{6690 6700 [0 154 208 296 325 431 432 659 816 817]}]
[ 6701 ]>>  [{6691 6701 [154 208 295 296 431 659 660 785 816 817]}]
[ 6703 ]>>  [{6693 6703 [207 208 295 296 305 361 362 785 816 817]}]
[ 6709 ]>>  [{6699 6709 [143 144 145 146 411 437 722 732 799 800]}]
[ 6714 ]>>  [{6704 6714 [110 244 245 487 787 788 789 790 791 792 793]}]
[ 6715 ]>>  [{6704 6715 [110 244 245 787 788 789 790 791 792 793]}]
[ 6743 ]>>  [{6733 6743 [790 791 792 807 808 810 896 900 901 956]}]
[ 6774 ]>>  [{6764 6774 [218 219 220 371 395 500 512 513 809 810]}]
[ 6790 ]>>  [{6780 6790 [41 246 247 248 249 559 560 697 698 838]}]
[ 6798 ]>>  [{6788 6798 [351 352 353 354 404 405 810 813 814 823]}]
[ 6825 ]>>  [{6815 6825 [61 62 63 64 66 160 293 296 538 544]}]
[ 6826 ]>>  [{6816 6826 [126 130 131 396 397 492 608 661 662 664 975 976]}]
[ 6827 ]>>  [{6816 6827 [130 131 396 397 608 661 662 664 975 976]}]
[ 6835 ]>>  [{6824 6835 [107 108 109 531 532 533 534 535 536 851 852 853]} {6825 6835 [107 108 109 531 532 533 534 535 536 851 852 853 859 860]}]
[ 6837 ]>>  [{6827 6837 [168 169 507 508 509 867 879 880 881 882 883]}]
[ 6855 ]>>  [{6845 6855 [310 311 583 584 585 853 910 911 955 956]}]
[ 6856 ]>>  [{6846 6856 [308 310 311 583 584 585 853 910 911 956]}]
[ 6892 ]>>  [{6882 6892 [133 199 276 531 532 533 534 579 940 941]}]
[ 6893 ]>>  [{6883 6893 [133 134 199 276 531 532 533 579 940 941]}]
[ 6907 ]>>  [{6897 6907 [67 163 164 165 166 167 395 815 816 817]}]
[ 6912 ]>>  [{6901 6912 [346 347 348 637 918 919 920 921 922 923]}]
[ 6918 ]>>  [{6908 6918 [535 757 758 760 761 771 964 965 966 967]}]
[ 6951 ]>>  [{6941 6951 [257 258 259 814 890 891 910 911 912 913]}]
[ 6985 ]>>  [{6975 6985 [98 99 124 125 147 149 150 718 720 799]}]
[ 7010 ]>>  [{7000 7010 [122 123 125 126 340 577 871 872 873 967]}]
[ 7040 ]>>  [{7030 7040 [176 177 178 206 207 208 489 490 722 724 725]}]
[ 7049 ]>>  [{7039 7049 [331 501 502 533 534 535 536 537 713 814]}]
[ 7052 ]>>  [{7042 7052 [76 138 139 140 141 142 143 144 591 661]}]
[ 7064 ]>>  [{7054 7064 [199 200 201 206 207 388 762 763 771 772]}]
[ 7069 ]>>  [{7059 7069 [44 73 168 169 170 175 176 871 872 873]}]
[ 7070 ]>>  [{7060 7070 [77 214 215 249 270 271 272 273 617 618 619]}]
[ 7086 ]>>  [{7076 7086 [85 86 118 627 633 634 635 642 669 997]}]
[ 7097 ]>>  [{7087 7097 [60 62 64 65 489 490 491 492 493 899]}]
[ 7120 ]>>  [{7110 7120 [160 161 181 336 494 502 504 533 868 869]}]
[ 7127 ]>>  [{7117 7127 [483 484 485 681 683 684 685 687 688 689]}]
[ 7130 ]>>  [{7120 7130 [496 497 731 733 734 735 776 777 801 804]}]
[ 7133 ]>>  [{7123 7133 [412 414 415 604 672 673 682 686 687 749]}]
[ 7135 ]>>  [{7125 7135 [78 79 263 411 412 423 424 560 561 604 664]}]
[ 7145 ]>>  [{7135 7145 [34 41 487 488 747 748 873 874 876 877]}]
[ 7154 ]>>  [{7144 7154 [106 107 130 479 480 481 482 846 849 850]} {7144 7154 [45 293 294 295 296 355 514 604 605 863 864]}]
[ 7207 ]>>  [{7197 7207 [258 259 509 510 511 912 913 914 915 918 919 956]}]
[ 7210 ]>>  [{7200 7210 [240 242 379 380 381 382 383 384 385 386 946]}]
[ 7218 ]>>  [{7208 7218 [532 533 534 535 537 538 962 963 964 965 966]}]
[ 7227 ]>>  [{7217 7227 [756 792 793 794 795 796 797 798 799 800]}]
[ 7240 ]>>  [{7230 7240 [6 7 8 9 10 11 119 252 253 758]}]
[ 7243 ]>>  [{7233 7243 [59 188 189 230 231 236 240 241 682 967]}]
[ 7246 ]>>  [{7236 7246 [293 345 483 528 636 637 638 885 886 887]}]
[ 7264 ]>>  [{7254 7264 [363 364 524 605 823 824 825 826 893 894]}]
[ 7288 ]>>  [{7278 7288 [144 229 509 510 512 513 514 594 596 597]}]
[ 7306 ]>>  [{7296 7306 [407 703 704 708 709 710 711 713 714 858]}]
[ 7308 ]>>  [{7298 7308 [421 424 917 918 919 920 921 922 923 924]}]
[ 7327 ]>>  [{7317 7327 [245 246 247 248 249 251 254 255 256 257]}]
[ 7339 ]>>  [{7329 7339 [948 949 950 951 952 953 978 979 980 981]}]
[ 7368 ]>>  [{7358 7368 [386 389 390 391 476 477 478 479 480 481 482 483 500 501]} {7357 7368 [386 389 390 391 476 478 480 481 482 483]}]
[ 7369 ]>>  [{7359 7369 [386 389 442 476 477 478 479 480 481 482 483 500]} {7358 7369 [386 389 476 477 478 479 480 481 482 483 500]}]
[ 7371 ]>>  [{7361 7371 [303 386 389 476 480 481 482 483 500 634]}]
[ 7377 ]>>  [{7367 7377 [367 368 369 370 626 724 822 823 824 980]}]
[ 7398 ]>>  [{7388 7398 [293 294 295 296 297 592 593 869 870 871 872]}]
[ 7399 ]>>  [{7389 7399 [434 480 481 862 863 969 970 971 972 984]}]
[ 7400 ]>>  [{7390 7400 [22 42 44 45 632 633 634 676 677 678]}]
[ 7401 ]>>  [{7391 7401 [331 332 333 334 335 336 337 338 339 340 549]}]
[ 7408 ]>>  [{7398 7408 [336 547 808 928 930 935 936 981 982 987]}]
[ 7409 ]>>  [{7399 7409 [336 483 808 928 935 936 981 982 983 987]}]
[ 7424 ]>>  [{7414 7424 [312 469 470 549 550 551 665 737 738 949 950 951 952]}]
[ 7425 ]>>  [{7414 7425 [549 550 551 665 737 738 949 950 951 952]}]
[ 7433 ]>>  [{7423 7433 [134 135 136 137 138 139 448 449 450 894 896]}]
[ 7443 ]>>  [{7432 7443 [59 66 67 68 626 627 628 629 759 760 761]}]
[ 7447 ]>>  [{7437 7447 [227 283 284 285 493 735 736 737 739 740 771]}]
[ 7459 ]>>  [{7449 7459 [237 238 291 292 450 451 452 453 616 617]}]
[ 7471 ]>>  [{7461 7471 [202 203 297 298 299 363 405 406 548 850 851]}]
[ 7489 ]>>  [{7479 7489 [108 109 801 802 933 934 935 936 937 938]}]
[ 7499 ]>>  [{7489 7499 [33 34 62 386 387 389 390 391 392 393 395]}]
[ 7505 ]>>  [{7495 7505 [14 15 325 326 438 439 658 805 989 990]}]
[ 7507 ]>>  [{7497 7507 [2 3 23 24 25 33 34 36 37 437]}]
[ 7521 ]>>  [{7511 7521 [197 202 203 274 275 276 277 278 621 747]}]
[ 7529 ]>>  [{7519 7529 [308 309 310 311 312 633 634 637 927 928]}]
[ 7540 ]>>  [{7530 7540 [67 68 70 143 263 264 544 545 592 593 821]}]
[ 7547 ]>>  [{7537 7547 [167 168 194 240 241 352 613 687 722 723 984]}]
[ 7552 ]>>  [{7542 7552 [30 771 772 773 774 775 776 777 778 779 780 781 912]}]
[ 7554 ]>>  [{7542 7554 [30 771 773 774 775 776 777 778 779 780 781 912]}]
[ 7560 ]>>  [{7550 7560 [25 26 254 691 692 693 694 695 696 697 838 839]}]
[ 7563 ]>>  [{7553 7563 [118 119 367 610 615 791 792 793 873 874]}]
[ 7588 ]>>  [{7578 7588 [28 320 682 683 856 857 858 859 860 861 864]}]
[ 7633 ]>>  [{7623 7633 [334 335 336 337 853 854 925 926 927 929]}]
[ 7635 ]>>  [{7625 7635 [85 238 379 380 793 794 795 796 797 798]}]
[ 7641 ]>>  [{7631 7641 [126 127 226 227 230 231 232 233 360 607]}]
[ 7651 ]>>  [{7641 7651 [53 54 449 542 543 544 552 640 788 789]}]
[ 7652 ]>>  [{7642 7652 [53 54 294 449 544 552 553 787 788 789]}]
[ 7666 ]>>  [{7656 7666 [145 146 199 200 636 637 638 639 640 641]}]
[ 7673 ]>>  [{7663 7673 [163 164 165 166 558 559 560 588 988 989]}]
[ 7694 ]>>  [{7684 7694 [36 38 154 250 251 252 253 464 465 466]}]
[ 7696 ]>>  [{7686 7696 [8 181 471 680 681 784 785 841 924 925]}]
[ 7716 ]>>  [{7705 7716 [46 71 72 73 166 167 168 198 199 200]}]
[ 7725 ]>>  [{7715 7725 [155 156 157 158 380 381 534 537 538 783]}]
[ 7728 ]>>  [{7718 7728 [117 503 639 640 815 816 884 885 886 887 888]}]
[ 7733 ]>>  [{7723 7733 [277 278 355 356 380 382 383 875 952 953]}]
[ 7742 ]>>  [{7732 7742 [97 98 463 464 465 466 771 989 990 991]}]
[ 7743 ]>>  [{7733 7743 [458 459 463 464 465 466 771 948 989 990 991]}]
[ 7751 ]>>  [{7740 7751 [158 302 532 846 958 961 962 963 964 965]} {7741 7751 [158 302 532 846 958 960 961 962 963 964 965]}]
[ 7752 ]>>  [{7742 7752 [51 52 395 588 589 590 591 592 594 597 598]}]
[ 7757 ]>>  [{7747 7757 [109 110 111 421 424 428 429 430 498 499 617]}]
[ 7758 ]>>  [{7748 7758 [187 188 328 473 474 475 476 477 478 492 493 971 972]}]
[ 7759 ]>>  [{7748 7759 [187 188 328 473 474 475 476 477 478 492 493]} {7749 7759 [187 188 328 473 474 475 476 477 478 490 492 493]}]
[ 7760 ]>>  [{7750 7760 [187 188 204 328 472 473 474 476 477 490 492 493]} {7749 7760 [187 188 328 473 474 476 477 490 492 493]}]
[ 7761 ]>>  [{7750 7761 [187 188 472 473 474 476 477 490 492 493]} {7751 7761 [187 188 189 472 473 474 476 477 490 492 493]}]
[ 7762 ]>>  [{7752 7762 [447 448 632 633 634 635 636 637 638 740]}]
[ 7768 ]>>  [{7758 7768 [324 587 588 589 590 688 869 870 871 873]}]
[ 7772 ]>>  [{7762 7772 [230 274 275 481 482 645 699 700 701 702]}]
[ 7773 ]>>  [{7763 7773 [230 231 272 273 274 481 645 699 700 701 702]}]
[ 7783 ]>>  [{7773 7783 [463 464 465 466 508 523 524 525 526 527]}]
[ 7791 ]>>  [{7781 7791 [145 146 305 306 307 308 309 310 559 561]}]
[ 7792 ]>>  [{7782 7792 [145 146 276 277 305 306 307 308 309 310]}]
[ 7794 ]>>  [{7784 7794 [186 425 426 427 484 487 698 699 700 701]}]
[ 7798 ]>>  [{7788 7798 [167 168 425 426 427 428 545 546 547 702]}]
[ 7809 ]>>  [{7799 7809 [42 444 445 586 587 969 970 971 972 973 974]} {7798 7809 [444 445 586 587 969 970 971 972 973 974]}]
[ 7820 ]>>  [{7810 7820 [199 203 664 665 666 736 737 738 741 742]}]
[ 7822 ]>>  [{7812 7822 [7 307 308 309 310 311 312 313 314 537]}]
[ 7826 ]>>  [{7816 7826 [131 132 133 775 776 777 778 958 987 988]}]
[ 7852 ]>>  [{7842 7852 [93 137 138 230 231 237 690 909 942 947 975]}]
[ 7853 ]>>  [{7843 7853 [93 136 137 138 230 231 237 330 375 376 377 830 975]}]
[ 7857 ]>>  [{7847 7857 [134 135 136 137 138 213 230 250 251 560]}]
[ 7867 ]>>  [{7857 7867 [189 316 360 599 600 727 735 886 887 974 975]}]
[ 7874 ]>>  [{7864 7874 [7 158 160 161 162 163 401 402 403 785]}]
[ 7912 ]>>  [{7902 7912 [291 292 524 525 526 534 535 684 920 991]} {7902 7912 [269 270 550 551 552 810 811 877 879 881]}]
[ 7925 ]>>  [{7915 7925 [89 90 91 310 311 312 313 515 516 521 592]}]
[ 7926 ]>>  [{7916 7926 [89 90 91 143 310 311 312 313 314 592]}]
[ 7953 ]>>  [{7943 7953 [244 501 577 578 579 580 766 767 931 932]}]
[ 7960 ]>>  [{7950 7960 [30 31 65 315 594 762 763 764 765 992]} {7950 7960 [127 128 303 304 475 925 926 927 928 929]}]
[ 7967 ]>>  [{7957 7967 [16 17 22 407 408 409 410 768 769 920]}]
[ 7981 ]>>  [{7971 7981 [111 112 219 414 496 497 779 780 781 942]}]
[ 7993 ]>>  [{7983 7993 [109 189 190 191 193 351 352 353 375 376 982 983]}]
[ 7995 ]>>  [{7985 7995 [189 190 191 193 351 544 545 546 547 548 549]}]
[ 8004 ]>>  [{7994 8004 [15 16 17 19 412 413 414 479 583 584 585]}]
[ 8019 ]>>  [{8009 8019 [135 488 507 535 591 592 783 784 785 786]}]
[ 8026 ]>>  [{8016 8026 [517 600 602 603 604 605 606 607 608 609 610 611 971]}]
[ 8027 ]>>  [{8016 8027 [600 602 603 604 605 606 607 608 609 971]}]
[ 8029 ]>>  [{8019 8029 [588 589 600 601 602 603 604 605 971 973]} {8019 8029 [136 137 138 139 350 424 529 530 672 673]}]
[ 8052 ]>>  [{8042 8052 [563 564 651 652 680 681 712 713 763 764]}]
[ 8121 ]>>  [{8111 8121 [472 681 682 683 684 685 686 687 688 728 729]}]
[ 8142 ]>>  [{8132 8142 [385 386 387 388 389 390 407 787 788 842]}]
[ 8145 ]>>  [{8135 8145 [205 206 207 208 209 210 211 212 380 496 512 513 988]}]
[ 8146 ]>>  [{8135 8146 [205 206 207 208 209 210 211 212 380 496 988]} {8136 8146 [15 17 205 206 207 208 209 210 211 212 380 496 988]}]
[ 8160 ]>>  [{8150 8160 [296 342 343 344 483 484 533 627 724 739 740 786]}]
[ 8161 ]>>  [{8151 8161 [231 296 483 484 533 625 627 724 739 740 741]}]
[ 8164 ]>>  [{8154 8164 [21 554 556 574 655 656 657 658 659 832 833 834]}]
[ 8168 ]>>  [{8158 8168 [409 690 691 693 806 896 898 899 915 946]}]
[ 8169 ]>>  [{8159 8169 [81 82 83 84 544 545 546 547 548 549 651]}]
[ 8179 ]>>  [{8169 8179 [279 280 281 578 579 580 650 818 863 865]}]
[ 8182 ]>>  [{8172 8182 [88 495 496 797 798 799 800 812 813 814]}]
[ 8188 ]>>  [{8178 8188 [484 485 490 491 492 493 494 495 496 497]}]
[ 8189 ]>>  [{8179 8189 [122 123 319 325 326 401 402 403 899 900]}]
[ 8193 ]>>  [{8183 8193 [486 488 489 539 540 590 592 593 669 671 719 720]}]
[ 8194 ]>>  [{8183 8194 [486 488 489 539 540 590 592 593 669 671]}]
[ 8209 ]>>  [{8199 8209 [161 162 335 336 951 952 953 954 957 958]}]
[ 8257 ]>>  [{8247 8257 [425 806 807 808 917 918 919 920 921 999]}]
[ 8258 ]>>  [{8248 8258 [595 806 807 808 853 917 918 919 920 921]}]
[ 8275 ]>>  [{8265 8275 [400 401 402 403 404 405 547 588 589 590]}]
[ 8314 ]>>  [{8304 8314 [119 204 205 226 319 320 563 564 971 972 973]}]
[ 8323 ]>>  [{8313 8323 [288 289 290 291 294 295 296 367 368 369 375 450]}]
[ 8324 ]>>  [{8314 8324 [288 289 290 291 365 366 367 368 372 375 450]}]
[ 8346 ]>>  [{8336 8346 [170 171 285 340 529 530 882 883 953 954]}]
[ 8347 ]>>  [{8337 8347 [170 171 240 285 339 340 532 882 952 953 954]}]
[ 8348 ]>>  [{8338 8348 [170 240 284 285 339 340 532 881 952 953 954]} {8338 8348 [97 98 382 383 385 386 489 503 504 721]}]
[ 8349 ]>>  [{8338 8349 [170 240 284 285 339 340 532 952 953 954]} {8339 8349 [109 170 240 284 285 286 339 340 440 532 952 953 954]}]
[ 8352 ]>>  [{8342 8352 [195 275 303 323 324 325 327 328 329 534]}]
[ 8353 ]>>  [{8343 8353 [195 303 323 324 325 326 327 328 329 534 963]}]
[ 8354 ]>>  [{8344 8354 [195 303 323 324 325 326 327 355 534 963]}]
[ 8356 ]>>  [{8346 8356 [3 4 14 15 16 291 292 508 509 564]}]
[ 8366 ]>>  [{8356 8366 [310 311 312 891 968 969 979 980 981 982]}]
[ 8379 ]>>  [{8369 8379 [85 86 337 435 436 617 618 620 621 622]}]
[ 8403 ]>>  [{8393 8403 [355 586 587 588 594 663 685 686 878 879]}]
[ 8405 ]>>  [{8395 8405 [586 587 588 589 590 594 663 685 876 877 878 879]} {8395 8405 [46 47 48 49 180 217 705 706 764 985]}]
[ 8407 ]>>  [{8397 8407 [583 584 585 587 588 589 685 876 877 878]}]
[ 8434 ]>>  [{8424 8434 [79 330 331 566 763 764 874 875 878 879 998]}]
[ 8435 ]>>  [{8425 8435 [79 330 331 539 566 764 874 875 878 879]}]
[ 8444 ]>>  [{8434 8444 [44 45 46 47 48 94 281 607 608 650 651 652 849]}]
[ 8445 ]>>  [{8435 8445 [44 45 94 112 281 607 608 650 651 652 849]} {8434 8445 [44 45 94 281 607 608 650 651 652 849]}]
[ 8461 ]>>  [{8451 8461 [490 491 492 493 494 495 497 556 773 774]}]
[ 8482 ]>>  [{8472 8482 [327 328 329 332 333 334 335 336 337 344 345 592]} {8471 8482 [327 328 329 332 333 334 335 336 337 344 345]}]
[ 8484 ]>>  [{8474 8484 [69 281 282 329 333 334 335 336 337 624 625 626]}]
[ 8485 ]>>  [{8475 8485 [69 281 282 283 334 335 336 337 341 342 343 475 624 625 626]} {8474 8485 [69 281 282 334 335 336 337 624 625 626]}]
[ 8510 ]>>  [{8500 8510 [432 433 638 640 641 642 871 872 914 915]}]
[ 8512 ]>>  [{8502 8512 [150 152 256 257 258 712 713 714 715 716]}]
[ 8520 ]>>  [{8510 8520 [47 307 308 309 643 644 645 646 647 648 922]}]
[ 8539 ]>>  [{8529 8539 [192 193 345 832 833 834 835 836 837 838]}]
[ 8564 ]>>  [{8554 8564 [70 165 377 378 379 678 725 727 976 977]}]
[ 8567 ]>>  [{8557 8567 [70 165 166 167 168 380 593 604 608 725 978]}]
[ 8572 ]>>  [{8562 8572 [19 144 148 149 150 151 575 658 833 932 934]}]
[ 8579 ]>>  [{8569 8579 [10 413 525 526 527 528 643 644 645 647 648]} {8568 8579 [10 413 525 526 527 643 644 645 647 648]}]
[ 8583 ]>>  [{8573 8583 [472 473 474 475 476 763 764 765 767 811]}]
[ 8593 ]>>  [{8583 8593 [418 574 575 576 577 582 583 584 585 592]}]
[ 8599 ]>>  [{8589 8599 [547 548 549 550 551 552 553 554 899 900 959]}]
[ 8616 ]>>  [{8606 8616 [70 90 142 227 454 764 765 795 796 810 811]}]
[ 8618 ]>>  [{8608 8618 [21 155 381 547 548 549 550 648 693 695]}]
[ 8619 ]>>  [{8609 8619 [372 373 405 406 408 409 702 703 887 888]}]
[ 8620 ]>>  [{8610 8620 [21 381 455 548 549 550 693 695 897 900]}]
[ 8648 ]>>  [{8638 8648 [555 556 561 693 694 696 702 703 704 705]}]
[ 8658 ]>>  [{8648 8658 [50 51 435 436 437 695 696 697 698 699]}]
[ 8661 ]>>  [{8651 8661 [134 135 136 137 317 318 319 320 544 713]}]
[ 8682 ]>>  [{8672 8682 [156 214 216 217 773 774 775 776 777 785]}]
[ 8685 ]>>  [{8675 8685 [28 328 335 336 337 338 477 713 714 715]}]
[ 8689 ]>>  [{8679 8689 [61 517 692 693 694 695 696 884 885 886]}]
[ 8690 ]>>  [{8680 8690 [177 297 517 692 693 694 695 696 884 885 886]}]
[ 8691 ]>>  [{8681 8691 [245 246 249 250 353 354 355 452 453 454 709]}]
[ 8761 ]>>  [{8751 8761 [130 131 133 134 135 166 773 942 943 944]}]
[ 8770 ]>>  [{8760 8770 [63 416 417 418 469 472 840 841 842 864]}]
[ 8776 ]>>  [{8766 8776 [204 205 762 763 764 881 895 896 897 907]} {8766 8776 [554 555 587 743 915 981 982 983 984 985]}]
[ 8782 ]>>  [{8772 8782 [200 203 210 319 891 892 893 894 895 896]}]
[ 8786 ]>>  [{8776 8786 [18 337 607 637 769 770 771 772 872 873]}]
[ 8789 ]>>  [{8779 8789 [18 116 572 610 611 635 636 637 873 874]}]
[ 8800 ]>>  [{8790 8800 [238 255 268 272 274 275 276 280 281 282]}]
[ 8810 ]>>  [{8800 8810 [275 276 277 279 280 281 396 397 398 732]}]
[ 8812 ]>>  [{8802 8812 [92 93 337 338 339 340 553 554 555 953]}]
[ 8824 ]>>  [{8814 8824 [51 176 177 189 190 449 450 451 497 499 836]}]
[ 8854 ]>>  [{8844 8854 [71 72 166 167 168 169 402 403 404 405]}]
[ 8866 ]>>  [{8856 8866 [157 158 484 485 486 531 532 533 600 601]}]
[ 8877 ]>>  [{8867 8877 [10 629 690 691 692 693 939 940 941 942]}]
[ 8883 ]>>  [{8872 8883 [134 699 700 701 702 703 756 757 758 896]}]
[ 8884 ]>>  [{8874 8884 [113 134 135 136 699 700 701 702 703 757 896]}]
[ 8885 ]>>  [{8875 8885 [119 120 349 350 351 353 354 355 525 526 930]}]
[ 8889 ]>>  [{8879 8889 [54 96 157 158 281 282 283 343 626 627]}]
[ 8905 ]>>  [{8895 8905 [464 465 466 467 468 688 689 737 738 740]}]
[ 8907 ]>>  [{8897 8907 [635 819 820 821 917 963 966 967 968 969]}]
[ 8911 ]>>  [{8901 8911 [98 99 118 222 231 350 351 352 582 801 952]}]
[ 8912 ]>>  [{8902 8912 [64 212 258 396 397 398 645 646 647 934]}]
[ 8916 ]>>  [{8906 8916 [175 184 185 186 190 541 542 822 836 838]}]
[ 8921 ]>>  [{8911 8921 [183 397 454 517 518 572 573 724 727 728]}]
[ 8932 ]>>  [{8922 8932 [14 15 407 640 641 643 664 665 666 667 668]}]
[ 8946 ]>>  [{8936 8946 [164 165 166 167 220 357 393 394 395 798]}]
[ 8948 ]>>  [{8938 8948 [328 501 502 505 758 876 936 938 939 940 941]}]
[ 8959 ]>>  [{8949 8959 [371 481 733 734 759 760 761 762 763 957]}]
[ 8961 ]>>  [{8951 8961 [30 535 544 545 546 854 855 912 913 914]}]
[ 8962 ]>>  [{8952 8962 [30 454 455 456 535 854 855 912 913 914]}]
[ 8963 ]>>  [{8953 8963 [30 454 455 456 513 514 535 537 912 913 914]}]
[ 8979 ]>>  [{8969 8979 [41 42 43 44 45 46 47 48 405 406]}]
[ 8981 ]>>  [{8971 8981 [296 297 486 487 488 490 491 492 892 893]}]
[ 8990 ]>>  [{8980 8990 [10 120 661 764 765 908 920 921 923 924]}]
[ 8999 ]>>  [{8989 8999 [114 115 116 117 332 333 595 596 597 725 730]}]
[ 9004 ]>>  [{8994 9004 [436 437 438 439 440 441 442 889 890 891 943]} {8993 9004 [436 437 438 439 440 441 889 890 891 943]}]
[ 9017 ]>>  [{9007 9017 [117 274 275 276 277 278 847 851 852 853]}]
[ 9018 ]>>  [{9008 9018 [274 275 276 433 434 652 847 851 852 853]}]
[ 9030 ]>>  [{9020 9030 [128 129 133 134 135 662 918 919 921 999]}]
[ 9031 ]>>  [{9021 9031 [128 129 130 133 134 135 662 918 921 999]} {9021 9031 [99 395 396 397 432 433 434 435 436 969]}]
[ 9041 ]>>  [{9031 9041 [281 736 737 738 851 852 853 854 855 856 916]}]
[ 9045 ]>>  [{9035 9045 [55 119 307 308 313 314 315 316 657 861]}]
[ 9046 ]>>  [{9036 9046 [69 70 293 294 512 513 514 517 518 543]}]
[ 9058 ]>>  [{9048 9058 [126 127 224 225 226 227 228 679 680 681 890]}]
[ 9062 ]>>  [{9052 9062 [172 173 616 617 854 952 953 954 955 956]}]
[ 9072 ]>>  [{9062 9072 [467 478 479 576 578 987 988 989 994 995]}]
[ 9073 ]>>  [{9062 9073 [334 335 336 337 338 440 786 787 788 789]}]
[ 9095 ]>>  [{9085 9095 [132 133 191 192 193 270 271 713 815 845 846]}]
[ 9102 ]>>  [{9092 9102 [57 58 132 543 547 737 738 739 740 951]} {9092 9102 [9 12 13 14 15 16 17 19 20 52]}]
[ 9121 ]>>  [{9111 9121 [145 146 168 508 599 600 601 628 629 630]}]
[ 9123 ]>>  [{9113 9123 [434 440 483 650 858 859 860 861 863 906]}]
[ 9126 ]>>  [{9116 9126 [235 237 238 241 242 665 895 896 897 898 899]}]
[ 9127 ]>>  [{9117 9127 [235 237 238 372 586 587 895 896 897 898 899]}]
[ 9167 ]>>  [{9157 9167 [196 197 198 200 314 412 413 414 718 719 732]}]
[ 9168 ]>>  [{9158 9168 [196 197 198 200 314 412 718 719 732 733]}]
[ 9179 ]>>  [{9169 9179 [62 64 153 154 155 156 157 511 512 734 735]}]
[ 9210 ]>>  [{9200 9210 [239 240 242 243 244 697 741 742 891 892]}]
[ 9218 ]>>  [{9208 9218 [82 119 120 121 122 172 173 852 853 999]}]
[ 9225 ]>>  [{9215 9225 [131 243 561 626 627 802 803 804 805 895]}]
[ 9355 ]>>  [{9345 9355 [57 58 155 156 755 759 760 761 948 949]}]
[ 9376 ]>>  [{9366 9376 [256 289 290 294 295 296 305 307 308 552]}]
[ 9378 ]>>  [{9368 9378 [242 243 244 245 246 561 768 769 770 892]}]
[ 9391 ]>>  [{9381 9391 [64 65 66 67 309 310 311 312 939 940]}]
[ 9401 ]>>  [{9391 9401 [295 312 746 747 748 785 786 787 984 985 994]}]
[ 9402 ]>>  [{9391 9402 [312 746 747 748 785 786 787 984 985 994]}]
[ 9403 ]>>  [{9393 9403 [312 399 746 747 748 785 786 787 984 985 986]}]
[ 9428 ]>>  [{9418 9428 [192 193 194 195 196 197 516 911 912 913]}]
[ 9429 ]>>  [{9419 9429 [192 193 194 195 196 299 516 911 912 913]}]
[ 9442 ]>>  [{9432 9442 [729 753 754 831 832 833 834 835 836 943 970]}]
[ 9443 ]>>  [{9433 9443 [603 753 831 832 835 836 943 944 945 953]}]
[ 9465 ]>>  [{9455 9465 [326 366 367 368 468 469 470 471 898 899]}]
[ 9501 ]>>  [{9491 9501 [8 524 739 740 758 759 760 871 872 873]}]
[ 9516 ]>>  [{9506 9516 [35 36 171 173 174 175 534 535 754 755]}]
[ 9521 ]>>  [{9511 9521 [100 101 102 103 145 199 200 201 897 898]}]
[ 9534 ]>>  [{9524 9534 [175 177 281 394 395 436 437 968 969 970]}]
[ 9583 ]>>  [{9573 9583 [46 81 174 175 191 338 343 344 349 350]}]
[ 9627 ]>>  [{9617 9627 [0 1 34 35 36 37 165 590 591 592]}]
[ 9630 ]>>  [{9620 9630 [31 210 457 458 459 830 831 832 833 834]}]
[ 9654 ]>>  [{9644 9654 [108 109 110 111 112 243 327 398 572 711]}]
[ 9680 ]>>  [{9670 9680 [98 99 325 328 329 330 626 627 628 629]}]
[ 9688 ]>>  [{9678 9688 [77 171 172 403 418 673 674 896 897 920 921]}]
[ 9702 ]>>  [{9692 9702 [108 109 110 114 117 118 119 624 654 850 949 951]}]
[ 9703 ]>>  [{9693 9703 [114 117 301 302 303 304 624 852 853 951]} {9693 9703 [40 108 109 110 118 119 654 850 948 949]}]
[ 9713 ]>>  [{9703 9713 [592 594 734 735 736 737 756 757 786 787]}]
[ 9714 ]>>  [{9704 9714 [592 593 594 734 735 736 737 756 757 759]}]
[ 9720 ]>>  [{9710 9720 [332 448 449 480 481 482 483 872 873 874]}]
[ 9732 ]>>  [{9722 9732 [36 37 39 61 63 64 65 917 918 919]}]
[ 9743 ]>>  [{9733 9743 [641 642 839 882 900 901 902 903 909 911]}]
[ 9749 ]>>  [{9739 9749 [88 352 353 951 952 953 954 955 956 978]}]
[ 9758 ]>>  [{9748 9758 [95 96 97 99 215 216 217 218 219 640 667]}]
[ 9762 ]>>  [{9752 9762 [131 267 273 719 884 986 987 988 989 990]}]
[ 9764 ]>>  [{9754 9764 [268 269 274 275 554 660 661 724 991 992]}]
[ 9765 ]>>  [{9755 9765 [11 269 273 274 275 554 660 661 724 884 991 992]}]
[ 9766 ]>>  [{9756 9766 [80 81 82 283 284 285 286 288 289 290]}]
[ 9767 ]>>  [{9757 9767 [80 283 284 285 286 288 289 290 454 455]}]
[ 9788 ]>>  [{9778 9788 [141 496 497 498 499 500 683 929 930 931]}]
[ 9795 ]>>  [{9785 9795 [324 344 346 347 404 498 685 686 687 733]}]
[ 9796 ]>>  [{9786 9796 [7 8 344 346 347 498 685 686 687 733]}]
[ 9797 ]>>  [{9787 9797 [7 8 194 346 347 685 686 687 733 953]}]
[ 9800 ]>>  [{9790 9800 [194 285 286 345 346 347 687 688 733 953]}]
[ 9814 ]>>  [{9804 9814 [12 13 14 15 16 326 327 328 401 403 798 799 800]}]
[ 9815 ]>>  [{9804 9815 [12 13 14 15 16 327 328 401 403 798 799 800]}]
[ 9823 ]>>  [{9813 9823 [42 43 44 45 48 49 50 51 281 282]}]
[ 9826 ]>>  [{9816 9826 [18 252 253 375 376 377 742 743 848 933]}]
[ 9828 ]>>  [{9818 9828 [249 253 375 376 377 546 547 742 743 933]}]
[ 9867 ]>>  [{9857 9867 [235 236 681 682 683 684 685 776 814 815 861 862]}]
[ 9869 ]>>  [{9859 9869 [301 407 408 409 410 681 682 684 685 861]}]
[ 9871 ]>>  [{9861 9871 [385 386 387 388 389 412 480 963 964 965]}]
[ 9897 ]>>  [{9887 9897 [158 226 228 229 292 357 435 436 437 814]}]
[ 9914 ]>>  [{9904 9914 [86 152 153 154 298 299 302 303 497 841]}]
[ 9918 ]>>  [{9908 9918 [121 122 123 124 125 152 153 154 299 546]}]
[ 9939 ]>>  [{9929 9939 [682 831 832 854 855 856 857 858 859 977]}]
[ 9946 ]>>  [{9936 9946 [145 320 498 499 500 503 504 505 567 568]} {9935 9946 [442 443 444 445 446 447 521 522 771 773]} {9936 9946 [442 443 444 445 446 447 519 520 521 522 771 773]}]
[ 9950 ]>>  [{9940 9950 [117 118 328 329 768 774 775 776 777 970]}]
[ 9961 ]>>  [{9951 9961 [212 213 291 537 538 539 541 542 546 723 724]}]
[ 9991 ]>>  [{9981 9991 [71 73 74 75 76 77 78 238 239 510]}]
[ 9992 ]>>  [{9982 9992 [285 286 287 356 357 534 535 536 575 983]}]
Started at :  2021-09-25 18:58:13.368595079 +0200 CEST m=+0.026565107 
RAN in ss:  820.851404ms
Last Arrays
ak [630 699 296 297 809 635 636 399 910 329 267 600 805 203 202 33 504 906 4 291 814 813 5 700 74 559 77 75 76 553 73 993 452 235 451 723 503 554 59 62 63 640 58 16 18 838 388 60 389 131 57 409 410 909 690 689 430 394 8 6 7 505 80 81 907 908 201 724 722 720 721 751 135 133 134 629 28 29 132 374 375 373 372 509 106 834 232 833 650 750 387 691 30 827 31 354 61 488 967 968 697 574 573 65 408 830 407 94 575 386 831 829 32 571 569 570 568 826 506 21 405 725 726 577 576 401 400 954 397 273 314 315 837 547 316 112 110 873 266 109 903 787 902 166 118 119 855 915 298 275 496 423 78 79 69 905 72 71 904 70 473 470 469 471 555 556 472 396 395 852 692 390 144 265 377 378 230 281 282 143 229 900 901 228 227 943 941 498 916 942 499 497 500 208 209 347 502 501 429 949 872 376 854 853 864 999 136 121 863 836 418 422 114 749 931 748 311 310 752 951 875 874 857 211 856 176 417 835 930 416 165 116 871 876 117 299 115 210 212 542 859 558 557 482 858 649 953 419 420 851 421 214 850 849 137 113 950 844 843 276 944 120 215 369 572 213 404 231 928 927 735 56 490 489 638 491 713 675 662 712 494 637 643 654 595 596 642 34 35 678 679 36 799 800 127 295 594 717 676 702 592 189 593 719 718 597 616 617 590 651 633 677 591 437 839 641 710 639 17 711 332 820 331 330 599 598 698 333 9 945 946 840 841 391 392 393 128 129 187 188 130 663 431 181 67 715 652 716 714 301 512 613 438 371 701 510 832 105 529 588 730 731 614 615 732 828 821 98 842 824 382 383 66 728 727 589 99 313 632 955 934 631 661 660 55 300 51 957 54 53 52 775 932 312 111 126 653 178 801 292 549 644 703 704 815 786 546 545 548 495 933 467 647 646 645 468 818 693 285 802 803 284 709 816 817 819 335 379 334 804 179 124 125 264 336 226 262 924 283 263 947 190 83 380 346 200 191 611 193 192 656 50 956 780 779 655 122 948 47 49 48 965 778 175 177 123 513 514 415 776 777 163 164 550 46 551 101 511 785 784 102 103 104 45 439 736 466 464 465 544 68 734 733 543 648 686 782 781 370 952 970 966 969 774 343 923 515 612 381 783 344 345 100 929 199 428 427 810 912 398 914 913 243 242 237 238 807 204 806 148 147 268 40 796 812 3 444 454 994 667 984 218 443 42 43 41 217 991 561 560 620 236 205 992 453 450 478 479 477 476 619 536 474 234 673 672 671 19 351 352 668 142 241 240 239 64 602 744 743 91 670 446 445 1 2 0 82 669 980 981 563 562 537 538 978 449 979 447 628 768 866 865 862 27 627 754 753 911 766 622 484 480 535 233 742 384 406 861 762 761 507 353 25 26 385 24 487 486 767 763 764 141 522 92 624 626 625 93 603 623 825 508 23 485 533 534 532 688 20 523 621 567 22 564 976 975 977 448 578 808 878 460 867 108 274 868 320 745 746 747 788 167 459 879 455 870 940 983 219 869 318 44 319 457 458 456 424 145 918 997 402 917 84 889 890 138 898 350 349 989 601 988 146 987 792 899 348 317 888 887 998 206 207 990 432 403 566 982 539 926 540 877 308 309 326 327 307 160 161 880 442 107 306 881 221 220 222 169 170 541 483 168 481 305 740 140 896 738 739 848 139 891 892 171 172 696 741 846 845 847 277 278 280 279 894 895 565 426 425 893 14 811 15 289 935 937 936 290 958 271 288 270 795 959 938 517 269 153 39 492 149 681 680 493 797 37 798 666 294 634 618 584 475 185 11 12 995 674 86 87 88 286 287 582 581 85 436 608 609 150 516 151 89 10 435 665 664 607 583 184 183 186 180 986 154 794 765 756 157 158 38 155 156 757 882 272 216 525 524 587 586 585 758 760 822 823 685 759 772 411 530 531 605 604 580 791 341 684 682 97 96 683 95 368 606 985 729 579 321 962 357 358 355 359 963 322 244 789 939 247 248 246 245 363 293 552 526 527 159 252 253 250 251 365 919 996 973 972 152 961 366 367 960 360 361 695 13 920 254 921 337 338 249 694 922 339 255 340 364 362 925 261 259 793 257 256 258 90 707 708 886 434 433 223 706 705 610 182 194 225 224 657 518 658 659 462 461 463 964 769 173 790 174 755 328 325 414 413 304 303 302 162 323 521 520 883 885 519 528 860 356 771 971 897 773 770 412 737 342 687 324 260 440 441 884 974 195 196 197 198] 
dk0 [10000 9989 9991 9968 9989 9993 9992 9994 9986 9988 9989 9991 9989 9992 9970 9993 9991 9995 9989 9991 9992 9993 9988 9990 9986 9991 9992 9981 9980 9991 9994 9991 9990 9987 9989 9992 9993 9990 9996 9991 9981 9992 9989 9991 9990 9993 9990 9989 9988 9992 9994 9991 9985 9990 9993 9989 9991 9995 9993 9989 9983 9992 9990 9984 9994 9991 9992 9990 9993 9989 9990 9997 9992 9977 9975 9993 9990 9981 9992 9994 9984 9993 9995 9993 9991 9994 9991 9990 9992 9996 9993 9986 9987 9989 9986 9988 9991 9992 9990 9989 9994 9990 9989 9991 9989 9990 9992 9991 9993 9988 9991 9969 9992 9995 9992 9974 9984 9993 9992 9994 9992 9990 9989 9993 9980 9998 9976 9991 9987 9993 9988 9990 9989 9992 9990 9994 9989 9990 9988 9991 9992 9991 9993 9991 9995 9987 9992 9990 9991 9993 9992 9990 9989 9985 9994 9992 9988 9989 9991 9989 9993 9992 9987 9979 9990 9982 9987 9996 9973 9992 9993 9989 9994 9992 9991 9988 9993 9990 9983 9988 9985 9992 9981 9987 9990 9995 9992 9987 9991 9993 9992 9988 9991 9994 9992 9993 9991 9979 9990 9997 9990 9992 9988 9985 9990 9991 9989 9985 9990 9993 9991 9992 9994 9986 9988 9989 9987 9967 9990 9987 9991 9990 9989 9992 9989 9990 9993 9989 9992 9990 9991 9995 9990 9991 9990 9992 9994 9987 9992 9989 9993 9991 9992 9987 9990 9991 9996 9991 9979 9992 9990 9989 9991 9993 9990 9994 9987 9990 9992 9993 9995 9991 9992 9993 9994 9992 9989 9993 9992 9986 9987 9999 9992 9988 9986 9985 9990 9985 9988 9987 9993 9989 9994 9991 9986 9987 9993 9989 9980 9992 9986 9991 9989 9990 9995 9991 9988 9989 9993 9990 9991 9992 9991 9994 9972 9990 9992 9988 9993 9991 9990 9992 9991 9996 9989 9990 9992 9988 9991 9990 9993 9992 9994 9987 9991 9988 9992 9993 9995 9989 9988 9990 9984 9988 9991 9980 9993 9987 9989 9991 9992 9990 9994 9992 9993 9997 9991 9992 9993 9994 9993 9992 9995 9993 9990 9986 9991 9992 9994 9993 9992 9983 9991 9978 9990 9996 9991 9994 9995 9993 9991 9983 9994 9992 9972 9993 9990 9998 9990 9991 9992 9988 9990 9983 9987 9991 9989 9990 9987 9959 9986 9993 9994 9989 9988 9990 9991 9992 9993 9995 9985 9990 9989 9985 9992 9987 9993 9983 9992 9988 9994 9993 9991 9987 9984 9992 9996 9993 9990 9991 9989 9992 9987 9991 9988 9990 9994 9987 9990 9991 9992 9990 9981 9989 9993 9987 9990 9987 9988 9991 9995 9992 9990 9994 9993 9992 9988 9989 9990 9987 9997 9991 9990 9992 9986 9991 9987 9993 9989 9991 9989 9992 9989 9994 9992 9990 9993 9988 9992 9989 9987 9991 9988 9995 9993 9990 9988 9986 9992 9985 9990 9991 9979 9990 9994 9992 9993 9984 9982 9991 9988 9992 9973 9991 9990 9996 9991 9989 9993 9990 9989 9992 9989 9988 9994 9993 9986 9992 9995 9992 9994 9990 9993 9992 9987 9991 9985 10000 9990 9991 9992 9971 9994 9985 9987 9986 9985 9991 9990 9992 9980 9993 9991 9992 9995 9990 9991 9988 9989 9992 9993 9987 9991 9990 9986 9987 9992 9994 9985 9988 9987 9990 9991 9989 9990 9989 9992 9987 9989 9987 9991 9993 9989 9991 9996 9977 9988 9992 9993 9985 9994 9987 9989 9987 9982 9991 9990 9993 9991 9992 9995 9991 9992 9993 9986 9991 9992 9994 9993 9988 9989 9983 9990 9985 9989 9988 9987 9992 9997 9992 9991 9990 9989 9993 9992 9994 9977 9989 9992 9990 9995 9992 9993 9991 9996 9991 9992 9991 9993 9982 9992 9988 9994 9979 9987 9989 9986 9976 9983 9990 9991 9987 9992 9989 9987 9985 9979 9990 9986 9988 9995 9992 9994 9986 9990 9986 9985 9989 9992 9991 9989 9990 9993 9987 9990 9991 9990 9988 9992 9998 9991 9987 9988 9989 9993 9991 9992 9994 9977 9989 9992 9993 9995 9985 9990 9992 9991 9993 9989 9991 9992 9991 9987 9994 9981 9990 9993 9996 9991 9989 9992 9991 9993 9992 9988 9989 9990 9989 9985 9994 9991 9992 9987 9991 9993 9992 9990 9995 9991 9985 9990 9994 9988 9989 9992 9990 9991 9993 9989 9992 9989 9997 9989 9984 9994 9982 9991 9993 9990 9995 9988 9989 9992 9986 9993 9989 9990 9994 9984 9992 9993 9989 9990 9991 9996 9991 9992 9993 9982 9987 9991 9992 9989 9994 9985 9989 9986 9990 9986 9987 9993 9979 9990 9988 9995 9981 9993 9992 9990 9991 9999 9989 9986 9991 9992 9988 9991 9990 9989 9993 9980 9987 9992 9990 9994 9990 9993 9991 9990 9992 9989 9988 9986 9991 9982 9989 9988 9995 9991 9993 9994 9993 9989 9991 9996 9991 9990 9992 9991 9970 9974 9993 9982 9985 9989 9991 9994 9992 9983 9993 9990 9991 9990 9995 9994 9992 9989 9990 9993 9991 9975 9990 9992 9991 9997 9991 9994 9992 9993 9990 9991 9992 9988 9995 9991 9993 9992 9994 9973 9993 9989 9983 9996 9993 9991 9988 9992 9990 9988 9994 9991 9990 9992 9978 9993 9991 9990 9992 9988 9990 9983 9991 9990 9995 9994 9993 9992 9986 9998 9993 9990 9987 9988 9989 9992 9991 9994 9991 9992 9993 9988 9990 9989 9991 9995 9993 9994 9990 9993 9996 9991 9988 9984 9989 9990 9989 9993 9987 9991 9989 9988 9985 9990 9987 9988 9994 9991 9990 9987 9988 9993 9987 9985 9989 9990 9991 9990 9988 9989 9984 9992 9991 9987 9988 9990 9983 9984 9989 9995 9992 9991 9993 9989 9990 9994 9988 9992 9993 9992 9987 9990 9997 9988 9989 9991 9993 9987 9990 9992 9987 9994 9988 9987 9990 9989 9991 9992 9985 9991 9987 9983 9993 9991 9995 9987 9986 9990 9993 9994 9993 9996 9992 9993 9992 9989 9991 9994 9989 9991 9992 9991 9993 9995 9991 9992 9993 9994 9987 9988 9984] 
v [[1 1 1 1 1 1 1 1 1 1 1 1 1 1 1 1 1 1 1 1 1 1 1 1 1 1 1 1 1 1 1 1 1 1 1 1 1 1 1 1 1 1 1 1 1 1 1 1 1 1 1 1 1 1 1 1 1 1 1 1 1 1 1 1 1 1 1 1 1 1 1 1 1 1 1 1 1 1 1 1 1 1 1 1 1 1 1 1 1 1 1 1 1 1 1 1 1 1 1 1 1 1 1 1 1 1 1 1 1 1 1 1 1 1 1 1 1 1 1 1 1 1 1 1 1 1 1 1 1 1 1 1 1 1 1 1 1 1 1 1 1 1 1 1 1 1 1 1 1 1 1 1 1 1 1 1 1 1 1 1 1 1 1 1 1 1 1 1 1 1 1 1 1 1 1 1 1 1 1 1 1 1 1 1 1 1 1 1 1 1 1 1 1 1 1 1 1 1 1 1 1 1 1 1 1 1 1 1 1 1 1 1 1 1 1 1 1 1 1 1 1 1 1 1 1 1 1 1 1 1 1 1 1 1 1 1 1 1 1 1 1 1 1 1 1 1 1 1 1 1 1 1 1 1 1 1 1 1 1 1 1 1 1 1 1 1 1 1 1 1 1 1 1 1 1 1 1 1 1 1 1 1 1 1 1 1 1 1 1 1 1 1 1 1 1 1 1 1 1 1 1 1 1 1 1 1 1 1 1 1 1 1 1 1 1 1 1 1 1 1 1 1 1 1 1 1 1 1 1 1 1 1 1 1 1 1 1 1 1 1 1 1 1 1 1 1 1 1 1 1 1 1 1 1 1 1 1 1 1 1 1 1 1 1 1 1 1 1 1 1 1 1 1 1 1 1 1 1 1 1 1 1 1 1 1 1 1 1 1 1 1 1 1 1 1 1 1 1 1 1 1 1 1 1 1 1 1 1 1 1 1 1 1 1 1 1 1 1 1 1 1 1 1 1 1 1 1 1 1 1 1 1 1 1 1 1 1 1 1 1 1 1 1 1 1 1 1 1 1 1 1 1 1 1 1 1 1 1 1 1 1 1 1 1 1 1 1 1 1 1 1 1 1 1 1 1 1 1 1 1 1 1 1 1 1 1 1 1 1 1 1 1 1 1 1 1 1 1 1 1 1 1 1 1 1 1 1 1 1 1 1 1 1 1 1 1 1 1 1 1 1 1 1 1 1 1 1 1 1 1 1 1 1 1 1 1 1 1 1 1 1 1 1 1 1 1 1 1 1 1 1 1 1 1 1 1 1 1 1 1 1 1 1 1 1 1 1 1 1 1 1 1 1 1 1 1 1 1 1 1 1 1 1 1 1 1 1 1 1 1 1 1 1 1 1 1 1 1 1 1 1 1 1 1 1 1 1 1 1 1 1 1 1 1 1 1 1 1 1 1 1 1 1 1 1 1 1 1 1 1 1 1 1 1 1 1 1 1 1 1 1 1 1 1 1 1 1 1 1 1 1 1 1 1 1 1 1 1 1 1 1 1 1 1 1 1 1 1 1 1 1 1 1 1 1 1 1 1 1 1 1 1 1 1 1 1 1 1 1 1 1 1 1 1 1 1 1 1 1 1 1 1 1 1 1 1 1 1 1 1 1 1 1 1 1 1 1 1 1 1 1 1 1 1 1 1 1 1 1 1 1 1 1 1 1 1 1 1 1 1 1 1 1 1 1 1 1 1 1 1 1 1 1 1 1 1 1 1 1 1 1 1 1 1 1 1 1 1 1 1 1 1 1 1 1 1 1 1 1 1 1 1 1 1 1 1 1 1 1 1 1 1 1 1 1 1 1 1 1 1 1 1 1 1 1 1 1 1 1 1 1 1 1 1 1 1 1 1 1 1 1 1 1 1 1 1 1 1 1 1 1 1 1 1 1 1 1 1 1 1 1 1 1 1 1 1 1 1 1 1 1 1 1 1 1 1 1 1 1 1 1 1 1 1 1 1 1 1 1 1 1 1 1 1 1 1 1 1 1 1 1 1 1 1 1 1 1 1 1 1 1 1 1 1 1 1 1 1 1 1 1 1 1 1 1 1 1 1 1 1 1 1 1 1 1 1 1 1 1 1 1 1 1 1 1 1 1 1 1 1 1 1 1 1 1 1 1 1 1 1 1 1 1 1 1 1 1 1 1 1 1 1 1 1 1 1 1 1 1 1 1 1 1 1 1 1 1 1 1 1 1 1 1 1 1 1 1 1 1 1 1 1 1 1 1 1 1 1 1 1 1 1 1 1 1 1 1 1 1 1] [1 1 1 1 1 1 1 1 1 1 1 1 1 1 1 1 1 1 1 1 1 1 1 1 1 1 1 1 1 1 1 1 1 1 1 1 1 1 1 1 1 1 1 1 1 1 1 1 1 1 1 1 1 1 1 1 1 1 1 1 1 1 1 1 1 1 1 1 1 1 1 1 1 1 1 1 1 1 1 1 1 1 1 1 1 1 1 1 1 1 1 1 1 1 1 1 1 1 1 1 1 1 1 1 1 1 1 1 1 1 1 1 1 1 1 1 1 1 1 1 1 1 1 1 1 1 1 1 1 1 1 1 1 1 1 1 1 1 1 1 1 1 1 1 1 1 1 1 1 1 1 1 1 1 1 1 1 1 1 1 1 1 1 1 1 1 1 1 1 1 1 1 1 1 1 1 1 1 1 1 1 1 1 1 1 1 1 1 1 1 1 1 1 1 1 1 1 1 1 1 1 1 1 1 1 1 1 1 1 1 1 1 1 1 1 1 1 1 1 1 1 1 1 1 1 1 1 1 1 1 1 1 1 1 1 1 1 1 1 1 1 1 1 1 1 1 1 1 1 1 1 1 1 1 1 1 1 1 1 1 1 1 1 1 1 1 1 1 1 1 1 1 1 1 1 1 1 1 1 1 1 1 1 1 1 1 1 1 1 1 1 1 1 1 1 1 1 1 1 1 1 1 1 1 1 1 1 1 1 1 1 1 1 1 1 1 1 1 1 1 1 1 1 1 1 1 1 1 1 1 1 1 1 1 1 1 1 1 1 1 1 1 1 1 1 1 1 1 1 1 1 1 1 1 1 1 1 1 1 1 1 1 1 1 1 1 1 1 1 1 1 1 1 1 1 1 1 1 1 1 1 1 1 1 1 1 1 1 1 1 1 1 1 1 1 1 1 1 1 1 1 1 1 1 1 1 1 1 1 1 1 1 1 1 1 1 1 1 1 1 1 1 1 1 1 1 1 1 1 1 1 1 1 1 1 1 1 1 1 1 1 1 1 1 1 1 1 1 1 1 1 1 1 1 1 1 1 1 1 1 1 1 1 1 1 1 1 1 1 1 1 1 1 1 1 1 1 1 1 1 1 1 1 1 1 1 1 1 1 1 1 1 1 1 1 1 1 1 1 1 1 1 1 1 1 1 1 1 1 1 1 1 1 1 1 1 1 1 1 1 1 1 1 1 1 1 1 1 1 1 1 1 1 1 1 1 1 1 1 1 1 1 1 1 1 1 1 1 1 1 1 1 1 1 1 1 1 1 1 1 1 1 1 1 1 1 1 1 1 1 1 1 1 1 1 1 1 1 1 1 1 1 1 1 1 1 1 1 1 1 1 1 1 1 1 1 1 1 1 1 1 1 1 1 1 1 1 1 1 1 1 1 1 1 1 1 1 1 1 1 1 1 1 1 1 1 1 1 1 1 1 1 1 1 1 1 1 1 1 1 1 1 1 1 1 1 1 1 1 1 1 1 1 1 1 1 1 1 1 1 1 1 1 1 1 1 1 1 1 1 1 1 1 1 1 1 1 1 1 1 1 1 1 1 1 1 1 1 1 1 1 1 1 1 1 1 1 1 1 1 1 1 1 1 1 1 1 1 1 1 1 1 1 1 1 1 1 1 1 1 1 1 1 1 1 1 1 1 1 1 1 1 1 1 1 1 1 1 1 1 1 1 1 1 1 1 1 1 1 1 1 1 1 1 1 1 1 1 1 1 1 1 1 1 1 1 1 1 1 1 1 1 1 1 1 1 1 1 1 1 1 1 1 1 1 1 1 1 1 1 1 1 1 1 1 1 1 1 1 1 1 1 1 1 1 1 1 1 1 1 1 1 1 1 1 1 1 1 1 1 1 1 1 1 1 1 1 1 1 1 1 1 1 1 1 1 1 1 1 1 1 1 1 1 1 1 1 1 1 1 1 1 1 1 1 1 1 1 1 1 1 1 1 1 1 1 1 1 1 1 1 1 1 1 1 1 1 1 1 1 1 1 1 1 1 1 1 1 1 1 1 1 1 1 1 1 1 1 1 1 1 1 1 1 1 1 1 1 1 1 1 1 1 1 1 1 1 1 1 1 1 1 1 1 1 1 1 1 1 1 1 1 1 1 1 1 1 1 1 1 1 1 1 1 1 1 1 1 1 1 1 1 1 1 1 1 1 1 1 1 1 1 1 1 1 1 1 1 1 1 1 1 1 1 1 1 1 1 1 1 1 1 1 1 1 1 1 1 1 1 1 1 1 1 1 1 1 1 1 1]]
