========================================================
||                 pBWT wild-blocks tool              ||
========================================================
Input matrix is 1000 rows (samples) x 1000000 columns (SNPs)
Assuming: alphabet size == 2
Assuming: wildcard presence == true
Assuming: min block size == 6 rows x 12 columns
Assuming: queryIndex == -1
[ 30669 ]>>  [{30657 30669 [99 190 191 192 510 536 538 541 765 766 787 788 789]}]
[ 46676 ]>>  [{46664 46676 [146 630 631 632 633 635 636 637 915 916 917 918]}]
[ 54581 ]>>  [{54569 54581 [284 285 394 395 396 397 398 399 400 401 402 872]}]
[ 194363 ]>>  [{194351 194363 [289 290 291 292 369 370 371 372 373 374 879 880]}]
[ 241489 ]>>  [{241477 241489 [487 488 489 490 491 528 529 530 531 532 533 534 535 536]}]
[ 314380 ]>>  [{314368 314380 [322 623 624 625 626 633 634 635 636 637 638 639]}]
[ 456725 ]>>  [{456713 456725 [416 417 418 419 420 421 422 423 698 699 766 767]}]
[ 482455 ]>>  [{482443 482455 [28 257 258 259 261 262 263 264 321 322 324 325 326]}]
[ 519630 ]>>  [{519618 519630 [46 48 150 395 627 629 630 631 632 633 634 635 636]}]
[ 590108 ]>>  [{590096 590108 [108 109 110 111 112 113 114 115 608 748 749 750 751]}]
[ 599169 ]>>  [{599157 599169 [282 283 493 494 495 496 497 498 499 500 501 502]}]
[ 617472 ]>>  [{617460 617472 [171 172 173 174 175 176 177 739 740 741 742 750]}]
[ 686307 ]>>  [{686295 686307 [195 196 197 265 266 267 268 269 270 407 773 774]}]
[ 761939 ]>>  [{761927 761939 [493 494 495 496 497 498 867 868 869 870 900 901]}]
[ 777721 ]>>  [{777709 777721 [3 4 5 452 453 698 699 734 741 742 745 746]}]
[ 847567 ]>>  [{847555 847567 [114 115 116 118 187 188 189 806 808 809 810 811]}]
[ 847568 ]>>  [{847556 847568 [115 116 117 118 187 188 189 806 808 809 810 811]}]
[ 858581 ]>>  [{858569 858581 [152 187 188 189 312 682 683 734 735 736 845 846]}]
[ 865053 ]>>  [{865041 865053 [313 314 315 689 690 734 783 784 785 786 787 788]}]
[ 869899 ]>>  [{869887 869899 [177 178 555 793 794 795 796 797 798 799 835 836]}]
[ 886165 ]>>  [{886153 886165 [263 517 518 519 520 521 522 523 524 525 526 527 529 563]}]
[ 922370 ]>>  [{922358 922370 [226 227 229 230 231 232 233 234 235 236 678 679]}]
[ 953990 ]>>  [{953978 953990 [22 26 27 28 30 132 825 826 827 828 975 976]}]
[ 966773 ]>>  [{966761 966773 [58 59 60 117 118 119 870 871 872 873 874 875]}]
[ 973653 ]>>  [{973641 973653 [75 76 77 78 79 80 938 939 940 941 942 943]}]
[ 976074 ]>>  [{976062 976074 [437 438 439 440 442 443 444 651 652 653 654 657]}]
Started at :  2021-09-26 10:46:15.74334793 +0200 CEST m=+0.593852925 
RAN in ss:  1m12.213241244s
Last Arrays
ak [442 441 920 443 130 131 440 970 607 608 337 969 121 919 523 613 519 814 675 520 339 28 163 931 124 123 122 219 220 394 127 611 355 356 612 338 351 609 221 904 903 487 486 921 922 217 83 923 823 30 29 364 821 824 822 895 191 653 348 188 359 345 360 499 216 480 498 190 189 759 758 132 757 756 817 816 760 255 624 401 623 818 31 552 402 996 995 553 254 819 820 754 129 437 551 606 554 689 971 349 106 187 771 815 218 82 701 2 738 0 702 798 340 753 4 3 1 810 809 812 674 700 513 670 372 698 697 699 825 726 361 761 973 762 930 929 625 365 363 439 703 128 213 673 672 671 346 725 724 105 972 555 186 350 185 438 905 668 84 311 310 116 115 114 892 471 684 446 74 565 477 942 943 162 335 336 445 223 222 564 563 556 558 557 120 916 517 772 768 917 918 915 767 522 521 312 288 287 628 161 117 518 813 27 26 731 732 241 20 869 627 309 291 393 98 626 357 610 293 308 292 667 883 85 483 878 484 877 876 407 290 482 655 406 90 89 580 579 64 657 343 358 447 344 656 478 313 666 665 229 242 228 448 604 314 894 893 62 103 63 658 659 342 479 102 660 119 770 769 80 81 669 409 408 289 802 737 736 811 804 118 805 654 803 481 341 547 870 874 875 99 410 871 872 873 705 550 510 104 100 511 281 101 661 548 549 262 492 491 494 855 263 48 264 49 91 295 294 296 47 266 561 50 573 572 574 576 575 994 644 645 526 8 10 9 525 159 777 524 776 265 908 909 778 164 634 97 352 514 11 475 429 924 642 428 495 427 688 925 687 853 546 643 739 426 252 595 253 997 420 415 421 422 165 646 423 488 597 596 752 489 490 927 928 799 18 19 751 362 764 598 602 601 599 600 12 436 907 32 33 763 906 603 852 256 258 94 96 95 854 93 685 686 92 53 52 941 257 560 559 577 58 59 562 993 51 476 516 773 527 515 629 536 537 22 23 158 160 73 70 24 25 868 180 766 21 157 633 392 286 72 71 774 285 775 284 882 880 87 88 86 881 879 641 449 578 55 56 582 496 54 581 412 411 529 413 947 528 639 640 171 946 65 227 414 66 400 638 636 637 635 998 419 605 316 196 315 61 60 57 283 999 538 535 206 801 435 430 431 826 434 433 432 800 301 302 240 765 299 298 297 300 534 317 207 827 512 662 282 148 788 787 886 885 682 75 395 37 269 270 860 617 709 932 901 680 679 78 676 730 729 45 728 126 125 989 463 462 39 678 677 354 902 38 789 485 849 593 959 693 957 692 896 652 790 202 791 215 76 77 592 651 650 649 201 500 403 620 846 594 847 707 706 845 793 416 691 193 347 192 710 690 107 792 848 619 708 618 200 199 899 900 748 749 750 897 694 371 696 727 865 389 695 850 851 35 40 862 366 704 36 723 531 722 974 979 978 977 976 898 212 861 884 177 271 742 683 740 741 324 325 944 323 444 461 112 457 456 458 113 470 735 614 472 205 616 733 615 307 914 469 382 381 383 384 385 211 176 333 334 330 329 743 717 745 746 405 958 244 331 203 566 332 172 173 716 243 744 328 367 368 508 42 41 945 404 43 248 198 370 369 245 246 168 169 467 466 468 79 960 961 747 734 807 808 711 204 806 234 304 712 275 465 509 44 417 664 182 306 181 975 305 663 150 149 887 502 503 506 397 493 856 46 145 146 144 143 888 139 267 138 137 136 796 950 396 859 858 857 268 147 570 571 108 455 780 781 782 681 6 7 140 141 5 388 783 784 785 786 988 910 987 387 951 569 353 842 452 454 232 453 797 501 497 926 755 867 866 327 622 621 231 844 986 425 251 133 134 890 891 591 135 590 889 589 214 966 967 545 166 968 424 544 14 13 795 794 17 964 541 542 374 373 473 543 863 864 933 16 390 985 714 250 965 980 983 982 981 984 720 721 278 952 474 178 460 632 322 321 505 504 507 261 260 259 142 151 230 320 949 179 170 326 225 226 155 224 197 110 378 459 111 109 963 631 630 273 272 779 829 379 990 831 830 939 937 936 935 464 156 391 938 913 208 386 991 209 380 210 912 911 568 567 398 841 585 584 450 587 586 838 839 451 718 235 236 840 583 588 948 152 955 153 940 843 399 68 154 715 249 194 195 836 835 837 647 67 648 247 69 167 956 175 962 239 539 233 418 318 719 238 237 540 303 174 530 15 828 319 376 274 34 375 713 834 183 832 533 377 953 954 184 532 833 276 934 280 279 277 992] 
dk0 [1000000 999990 999991 999995 999992 999988 999993 999992 999994 999990 999992 999993 999996 999991 999992 999994 999987 999991 999989 999992 999993 999990 999995 999988 999991 999990 999982 999992 999991 999993 999990 999994 999991 999990 999992 999991 999989 999993 999992 999991 999957 999997 999985 999990 999989 999992 999989 999991 999993 999990 999982 999989 999992 999988 999989 999994 999990 999992 999991 999990 999993 999991 999990 999989 999992 999991 999989 999990 999970 999995 999970 999989 999991 999987 999989 999984 999992 999991 999993 999986 999987 999991 999990 999989 999992 999990 999976 999988 999991 999985 999987 999988 999989 999990 999988 999994 999990 999991 999992 999991 999982 999988 999996 999991 999992 999989 999990 999991 999989 999993 999992 999988 999991 999989 999990 999984 999987 999994 999976 999991 999989 999992 999991 999990 999993 999992 999988 999986 999991 999989 999995 999992 999989 999988 999990 999987 999993 999989 999990 999987 999992 999991 999994 999989 999981 999990 999991 999989 999987 999990 999992 999990 999991 999989 999990 999993 999992 999998 999989 999993 999983 999994 999988 999986 999991 999992 999993 999991 999989 999992 999991 999995 999992 999993 999994 999971 999993 999992 999988 999989 999986 999990 999985 999987 999996 999990 999987 999988 999987 999991 999978 999984 999992 999990 999985 999993 999991 999983 999992 999990 999994 999987 999991 999990 999987 999993 999983 999995 999989 999990 999992 999993 999991 999989 999983 999992 999994 999991 999993 999991 999988 999997 999991 999992 999991 999986 999989 999990 999977 999993 999991 999987 999992 999990 999994 999980 999992 999969 999993 999988 999989 999990 999991 999989 999992 999991 999995 999990 999980 999991 999990 999993 999991 999994 999989 999991 999963 999992 999991 999993 999992 999986 999991 999988 999989 999988 999996 999990 999984 999992 999987 999990 999993 999988 999991 999992 999991 999986 999994 999988 999990 999991 999993 999988 999991 999981 999989 999995 999992 999977 999991 999993 999991 999979 999992 999988 999991 999990 999994 999992 999990 999993 999992 999988 999986 999983 999999 999993 999989 999985 999992 999991 999989 999990 999989 999994 999993 999987 999990 999991 999990 999995 999991 999994 999988 999992 999988 999972 999990 999991 999988 999996 999990 999983 999973 999989 999993 999994 999992 999993 999992 999995 999990 999991 999993 999991 999989 999994 999988 999990 999993 999997 999991 999992 999993 999989 999990 999994 999990 999987 999993 999991 999992 999985 999995 999992 999990 999991 999990 999994 999989 999993 999992 999985 999989 999991 999996 999993 999988 999991 999994 999993 999992 999985 999988 999995 999984 999989 999990 999992 999988 999990 999987 999985 999972 999991 999993 999990 999991 999982 999992 999991 999994 999993 999998 999987 999993 999991 999987 999992 999994 999991 999990 999992 999993 999992 999995 999992 999993 999986 999994 999991 999982 999993 999987 999991 999990 999996 999990 999991 999988 999992 999991 999972 999993 999988 999992 999986 999994 999990 999993 999991 999995 999992 999989 999993 999992 999991 999989 999988 999994 999990 999988 999993 999990 999992 999997 999992 999989 999983 999987 999990 999991 999990 999994 999992 999991 999989 999993 999991 999990 999992 999995 999984 999986 999984 999987 999985 999991 999990 999992 999993 999988 999990 999989 999987 999991 999992 999990 999980 999986 999989 999994 999989 999990 999991 999992 999991 999981 999983 999993 999990 999996 999992 999988 999993 999991 999994 999991 999993 999990 999986 999985 999992 999985 999991 999995 999992 999993 999981 999966 999990 999994 999991 999992 999991 999989 999993 999991 1000000 999991 999976 999989 999986 999994 999991 999995 999992 999986 999987 999994 999989 999990 999996 999992 999994 999987 999991 999990 999993 999986 999991 999988 999995 999991 999992 999993 999988 999992 999994 999991 999992 999990 999993 999997 999992 999993 999990 999989 999994 999990 999991 999985 999992 999991 999988 999990 999993 999991 999988 999990 999992 999991 999974 999990 999987 999995 999987 999990 999988 999987 999992 999980 999989 999991 999994 999991 999989 999986 999990 999992 999991 999989 999990 999993 999992 999990 999989 999991 999986 999996 999992 999993 999989 999981 999994 999993 999990 999992 999991 999995 999993 999988 999989 999978 999991 999992 999988 999986 999990 999991 999994 999990 999988 999992 999990 999987 999984 999989 999991 999993 999992 999998 999988 999992 999991 999994 999992 999990 999995 999979 999990 999991 999993 999989 999994 999988 999985 999989 999993 999996 999993 999994 999992 999990 999993 999986 999990 999995 999990 999992 999991 999982 999993 999990 999988 999994 999997 999991 999984 999992 999990 999991 999993 999991 999986 999992 999994 999991 999992 999990 999993 999991 999995 999983 999990 999991 999990 999992 999993 999990 999991 999992 999981 999990 999989 999991 999994 999992 999993 999990 999991 999968 999992 999972 999996 999991 999992 999989 999990 999987 999993 999992 999994 999976 999992 999989 999991 999993 999992 999995 999993 999991 999990 999992 999994 999985 999990 999991 999992 999989 999993 999992 999999 999991 999982 999993 999974 999988 999991 999987 999992 999991 999994 999984 999991 999988 999992 999993 999992 999991 999988 999980 999990 999995 999993 999992 999989 999987 999990 999994 999992 999990 999991 999993 999996 999976 999986 999994 999992 999980 999993 999989 999990 999995 999991 999985 999973 999984 999992 999991 999993 999994 999992 999989 999990 999997 999994 999993 999991 999992 999990 999989 999991 999990 999995 999989 999983 999992 999993 999985 999989 999992 999987 999991 999994 999988 999980 999991 999984 999990 999992 999991 999989 999990 999993 999987 999991 999989 999992 999991 999990 999988 999996 999992 999993 999967 999994 999990 999993 999988 999989 999976 999992 999991 999995 999989 999990 999991 999993 999990 999992 999994 999989 999990 999985 999987 999971 999988 999991 999984 999993 999992 999990 999998 999991 999992 999990 999986 999993 999985 999988 999994 999981 999990 999993 999995 999991 999990 999992 999988 999989 999986 999993 999982 999992 999990 999994 999990 999987 999992 999991 999993 999996 999992 999989 999993 999992 999995 999990 999992 999990 999991 999990 999993 999987 999981 999990 999991 999992 999991 999994 999991 999992 999990 999989 999991 999987 999988 999990 999978 999993 999986 999997 999992 999989 999985 999994 999992 999987 999993 999988 999989 999990 999991 999986 999988 999992 999991 999995 999990 999992 999993 999989 999988 999991 999990 999992 999990 999994 999991 999976 999993 999987 999989 999990 999989 999991 999990 999989 999992 999990 999996 999990 999991 999987 999994 999988 999990 999993 999991 999986 999987 999992 999995 999990 999991 999988 999989 999987 999993 999991 999989 999992 999994 999990 999991 999989 999990 999992 999988 999990 999989 999993 999989 999990 999992 999987 999985 999990] 
v [[1 1 1 1 1 1 1 1 1 1 1 1 1 1 1 1 1 1 1 1 1 1 1 1 1 1 1 1 1 1 1 1 1 1 1 1 1 1 1 1 1 1 1 1 1 1 1 1 1 1 1 1 1 1 1 1 1 1 1 1 1 1 1 1 1 1 1 1 1 1 1 1 1 1 1 1 1 1 1 1 1 1 1 1 1 1 1 1 1 1 1 1 1 1 1 1 1 1 1 1 1 1 1 1 1 1 1 1 1 1 1 1 1 1 1 1 1 1 1 1 1 1 1 1 1 1 1 1 1 1 1 1 1 1 1 1 1 1 1 1 1 1 1 1 1 1 1 1 1 1 1 1 1 1 1 1 1 1 1 1 1 1 1 1 1 1 1 1 1 1 1 1 1 1 1 1 1 1 1 1 1 1 1 1 1 1 1 1 1 1 1 1 1 1 1 1 1 1 1 1 1 1 1 1 1 1 1 1 1 1 1 1 1 1 1 1 1 1 1 1 1 1 1 1 1 1 1 1 1 1 1 1 1 1 1 1 1 1 1 1 1 1 1 1 1 1 1 1 1 1 1 1 1 1 1 1 1 1 1 1 1 1 1 1 1 1 1 1 1 1 1 1 1 1 1 1 1 1 1 1 1 1 1 1 1 1 1 1 1 1 1 1 1 1 1 1 1 1 1 1 1 1 1 1 1 1 1 1 1 1 1 1 1 1 1 1 1 1 1 1 1 1 1 1 1 1 1 1 1 1 1 1 1 1 1 1 1 1 1 1 1 1 1 1 1 1 1 1 1 1 1 1 1 1 1 1 1 1 1 1 1 1 1 1 1 1 1 1 1 1 1 1 1 1 1 1 1 1 1 1 1 1 1 1 1 1 1 1 1 1 1 1 1 1 1 1 1 1 1 1 1 1 1 1 1 1 1 1 1 1 1 1 1 1 1 1 1 1 1 1 1 1 1 1 1 1 1 1 1 1 1 1 1 1 1 1 1 1 1 1 1 1 1 1 1 1 1 1 1 1 1 1 1 1 1 1 1 1 1 1 1 1 1 1 1 1 1 1 1 1 1 1 1 1 1 1 1 1 1 1 1 1 1 1 1 1 1 1 1 1 1 1 1 1 1 1 1 1 1 1 1 1 1 1 1 1 1 1 1 1 1 1 1 1 1 1 1 1 1 1 1 1 1 1 1 1 1 1 1 1 1 1 1 1 1 1 1 1 1 1 1 1 1 1 1 1 1 1 1 1 1 1 1 1 1 1 1 1 1 1 1 1 1 1 1 1 1 1 1 1 1 1 1 1 1 1 1 1 1 1 1 1 1 1 1 1 1 1 1 1 1 1 1 1 1 1 1 1 1 1 1 1 1 1 1 1 1 1 1 1 1 1 1 1 1 1 1 1 1 1 1 1 1 1 1 1 1 1 1 1 1 1 1 1 1 1 1 1 1 1 1 1 1 1 1 1 1 1 1 1 1 1 1 1 1 1 1 1 1 1 1 1 1 1 1 1 1 1 1 1 1 1 1 1 1 1 1 1 1 1 1 1 1 1 1 1 1 1 1 1 1 1 1 1 1 1 1 1 1 1 1 1 1 1 1 1 1 1 1 1 1 1 1 1 1 1 1 1 1 1 1 1 1 1 1 1 1 1 1 1 1 1 1 1 1 1 1 1 1 1 1 1 1 1 1 1 1 1 1 1 1 1 1 1 1 1 1 1 1 1 1 1 1 1 1 1 1 1 1 1 1 1 1 1 1 1 1 1 1 1 1 1 1 1 1 1 1 1 1 1 1 1 1 1 1 1 1 1 1 1 1 1 1 1 1 1 1 1 1 1 1 1 1 1 1 1 1 1 1 1 1 1 1 1 1 1 1 1 1 1 1 1 1 1 1 1 1 1 1 1 1 1 1 1 1 1 1 1 1 1 1 1 1 1 1 1 1 1 1 1 1 1 1 1 1 1 1 1 1 1 1 1 1 1 1 1 1 1 1 1 1 1 1 1 1 1 1 1 1 1 1 1 1 1 1 1 1 1 1 1 1 1 1 1 1 1 1 1 1 1 1 1 1 1 1 1 1 1 1 1 1 1 1 1 1 1 1 1 1 1 1 1 1 1 1 1 1 1 1 1 1 1 1 1 1 1 1 1 1 1 1 1 1 1 1 1 1 1 1 1 1 1 1 1 1 1 1 1 1 1 1 1 1 1 1 1 1 1 1 1 1 1 1 1 1 1 1 1 1 1 1 1 1 1 1 1 1 1 1 1] [1 1 1 1 1 1 1 1 1 1 1 1 1 1 1 1 1 1 1 1 1 1 1 1 1 1 1 1 1 1 1 1 1 1 1 1 1 1 1 1 1 1 1 1 1 1 1 1 1 1 1 1 1 1 1 1 1 1 1 1 1 1 1 1 1 1 1 1 1 1 1 1 1 1 1 1 1 1 1 1 1 1 1 1 1 1 1 1 1 1 1 1 1 1 1 1 1 1 1 1 1 1 1 1 1 1 1 1 1 1 1 1 1 1 1 1 1 1 1 1 1 1 1 1 1 1 1 1 1 1 1 1 1 1 1 1 1 1 1 1 1 1 1 1 1 1 1 1 1 1 1 1 1 1 1 1 1 1 1 1 1 1 1 1 1 1 1 1 1 1 1 1 1 1 1 1 1 1 1 1 1 1 1 1 1 1 1 1 1 1 1 1 1 1 1 1 1 1 1 1 1 1 1 1 1 1 1 1 1 1 1 1 1 1 1 1 1 1 1 1 1 1 1 1 1 1 1 1 1 1 1 1 1 1 1 1 1 1 1 1 1 1 1 1 1 1 1 1 1 1 1 1 1 1 1 1 1 1 1 1 1 1 1 1 1 1 1 1 1 1 1 1 1 1 1 1 1 1 1 1 1 1 1 1 1 1 1 1 1 1 1 1 1 1 1 1 1 1 1 1 1 1 1 1 1 1 1 1 1 1 1 1 1 1 1 1 1 1 1 1 1 1 1 1 1 1 1 1 1 1 1 1 1 1 1 1 1 1 1 1 1 1 1 1 1 1 1 1 1 1 1 1 1 1 1 1 1 1 1 1 1 1 1 1 1 1 1 1 1 1 1 1 1 1 1 1 1 1 1 1 1 1 1 1 1 1 1 1 1 1 1 1 1 1 1 1 1 1 1 1 1 1 1 1 1 1 1 1 1 1 1 1 1 1 1 1 1 1 1 1 1 1 1 1 1 1 1 1 1 1 1 1 1 1 1 1 1 1 1 1 1 1 1 1 1 1 1 1 1 1 1 1 1 1 1 1 1 1 1 1 1 1 1 1 1 1 1 1 1 1 1 1 1 1 1 1 1 1 1 1 1 1 1 1 1 1 1 1 1 1 1 1 1 1 1 1 1 1 1 1 1 1 1 1 1 1 1 1 1 1 1 1 1 1 1 1 1 1 1 1 1 1 1 1 1 1 1 1 1 1 1 1 1 1 1 1 1 1 1 1 1 1 1 1 1 1 1 1 1 1 1 1 1 1 1 1 1 1 1 1 1 1 1 1 1 1 1 1 1 1 1 1 1 1 1 1 1 1 1 1 1 1 1 1 1 1 1 1 1 1 1 1 1 1 1 1 1 1 1 1 1 1 1 1 1 1 1 1 1 1 1 1 1 1 1 1 1 1 1 1 1 1 1 1 1 1 1 1 1 1 1 1 1 1 1 1 1 1 1 1 1 1 1 1 1 1 1 1 1 1 1 1 1 1 1 1 1 1 1 1 1 1 1 1 1 1 1 1 1 1 1 1 1 1 1 1 1 1 1 1 1 1 1 1 1 1 1 1 1 1 1 1 1 1 1 1 1 1 1 1 1 1 1 1 1 1 1 1 1 1 1 1 1 1 1 1 1 1 1 1 1 1 1 1 1 1 1 1 1 1 1 1 1 1 1 1 1 1 1 1 1 1 1 1 1 1 1 1 1 1 1 1 1 1 1 1 1 1 1 1 1 1 1 1 1 1 1 1 1 1 1 1 1 1 1 1 1 1 1 1 1 1 1 1 1 1 1 1 1 1 1 1 1 1 1 1 1 1 1 1 1 1 1 1 1 1 1 1 1 1 1 1 1 1 1 1 1 1 1 1 1 1 1 1 1 1 1 1 1 1 1 1 1 1 1 1 1 1 1 1 1 1 1 1 1 1 1 1 1 1 1 1 1 1 1 1 1 1 1 1 1 1 1 1 1 1 1 1 1 1 1 1 1 1 1 1 1 1 1 1 1 1 1 1 1 1 1 1 1 1 1 1 1 1 1 1 1 1 1 1 1 1 1 1 1 1 1 1 1 1 1 1 1 1 1 1 1 1 1 1 1 1 1 1 1 1 1 1 1 1 1 1 1 1 1 1 1 1 1 1 1 1 1 1 1 1 1 1 1 1 1 1 1 1 1 1 1 1 1 1 1 1 1 1 1 1 1 1 1 1 1 1 1 1 1 1 1 1 1 1 1 1 1 1 1 1 1 1 1 1 1 1 1 1 1 1 1 1 1 1]]
